Number of steps: 5602628
Number of accepted steps: 1400000
Burn-in number of steps: 10000
Accepted fraction of steps: 0.249883
Convergence Status
R[0]= 1.000706	R[1]= 1.000723	R[2]= 1.000637	R[3]= 1.000214	R[4]= 1.000201	R[5]= 1.000253	R[6]= 1.000484	R[7]= 1.000783	R[8]= 1.000266	R[9]= 1.000794	R[10]= 1.000156	R[11]= 1.000174	R[12]= 1.000202	R[13]= 1.000146	R[14]= 1.000264	R[15]= 1.000522	R[16]= 1.000903	
<R>= 1.000437

Mean parameters
A[0]= 1.024678 pm 0.059487
A[1]= 1.019922 pm 0.032066
A[2]= 0.440651 pm 0.240223
A[3]= 4.325667 pm 0.829074
A[4]= 5672.392947 pm 3242.994152
A[5]= -1396.017440 pm 967.958006
A[6]= 312.598822 pm 225.335813
A[7]= -4358.688145 pm 7255.231102
A[8]= 606.714687 pm 2245.053494
A[9]= -167.244814 pm 440.552994
A[10]= 4.093457 pm 1.003260
A[11]= 1624.384365 pm 4880.414371
A[12]= -255.262824 pm 1417.750304
A[13]= 273.940709 pm 362.129771
A[14]= -2914.573737 pm 9084.205425
A[15]= -491.369595 pm 2733.628005
A[16]= 1.192296 pm 495.808608

Best-fitting parameters
A[0]= 1.062470
A[1]= 1.011479
A[2]= 0.454781
A[3]= 4.402300
A[4]= 6633.505000
A[5]= -1524.092000
A[6]= 255.091000
A[7]= -2629.988000
A[8]= 394.495800
A[9]= -306.818200
A[10]= 4.153280
A[11]= 3475.936000
A[12]= -661.736300
A[13]= 242.945900
A[14]= -1950.449000
A[15]= -316.667600
A[16]= -149.809500
chi2_min= 66.239110


Cross-Covariance parameters
1.000000	-0.461986	-0.294892	0.148140	0.207319	-0.296501	0.149266	0.461078	-0.542872	0.231201	0.096430	0.122688	-0.201566	0.113260	0.277580	-0.371028	0.190869	
-0.461986	1.000000	0.199786	-0.235415	0.221329	-0.211013	0.023642	-0.326457	0.352087	-0.116436	-0.247738	0.156341	-0.190398	0.084531	-0.208321	0.230323	-0.060398	
-0.294892	0.199786	1.000000	-0.724318	-0.087424	0.116540	-0.064081	0.016655	0.454681	-0.910851	-0.421684	0.000998	0.134974	-0.202404	0.041671	0.363487	-0.837073	
0.148140	-0.235415	-0.724318	1.000000	0.177662	0.214816	-0.607396	-0.023177	-0.236022	0.492456	0.327288	-0.042649	-0.046626	0.129284	-0.040101	-0.250487	0.602292	
0.207319	0.221329	-0.087424	0.177662	1.000000	-0.795914	-0.003483	0.173825	-0.179102	0.065185	-0.046975	0.102750	-0.160169	0.095655	0.013926	-0.064085	0.095261	
-0.296501	-0.211013	0.116540	0.214816	-0.795914	1.000000	-0.592543	-0.205055	0.306567	-0.260472	0.037117	-0.122360	0.187314	-0.106578	-0.037432	0.098340	-0.117159	
0.149266	0.023642	-0.064081	-0.607396	-0.003483	-0.592543	1.000000	0.082237	-0.239650	0.337081	0.010570	0.040003	-0.061188	0.032154	0.030976	-0.058352	0.055063	
0.461078	-0.326457	0.016655	-0.023177	0.173825	-0.205055	0.082237	1.000000	-0.858108	0.154634	0.013846	0.026707	-0.027271	-0.008578	0.164453	-0.134440	-0.060947	
-0.542872	0.352087	0.454681	-0.236022	-0.179102	0.306567	-0.239650	-0.858108	1.000000	-0.626871	-0.204882	-0.029400	0.097418	-0.093609	-0.120605	0.287302	-0.344205	
0.231201	-0.116436	-0.910851	0.492456	0.065185	-0.260472	0.337081	0.154634	-0.626871	1.000000	0.378319	0.004079	-0.131671	0.190703	-0.056328	-0.318277	0.772791	
0.096430	-0.247738	-0.421684	0.327288	-0.046975	0.037117	0.010570	0.013846	-0.204882	0.378319	1.000000	0.215766	0.317551	-0.768742	-0.009134	-0.009664	0.022012	
0.122688	0.156341	0.000998	-0.042649	0.102750	-0.122360	0.040003	0.026707	-0.029400	0.004079	0.215766	1.000000	-0.756978	-0.062729	0.140891	-0.101404	-0.050654	
-0.201566	-0.190398	0.134974	-0.046626	-0.160169	0.187314	-0.061188	-0.027271	0.097418	-0.131671	0.317551	-0.756978	1.000000	-0.596115	-0.136607	0.275318	-0.324940	
0.113260	0.084531	-0.202404	0.129284	0.095655	-0.106578	0.032154	-0.008578	-0.093609	0.190703	-0.768742	-0.062729	-0.596115	1.000000	0.024596	-0.283196	0.560373	
0.277580	-0.208321	0.041671	-0.040101	0.013926	-0.037432	0.030976	0.164453	-0.120605	-0.056328	-0.009134	0.140891	-0.136607	0.024596	1.000000	-0.875221	0.203525	
-0.371028	0.230323	0.363487	-0.250487	-0.064085	0.098340	-0.058352	-0.134440	0.287302	-0.318277	-0.009664	-0.101404	0.275318	-0.283196	-0.875221	1.000000	-0.633021	
0.190869	-0.060398	-0.837073	0.602292	0.095261	-0.117159	0.055063	-0.060947	-0.344205	0.772791	0.022012	-0.050654	-0.324940	0.560373	0.203525	-0.633021	1.000000	

Time taken for mcmc chain: 1.744722 hours
