Number of steps: 28089885
Number of accepted steps: 2000000
Burn-in number of steps: 10000
Accepted fraction of steps: 0.071200
Convergence Status
R[0]= 1.000858	R[1]= 1.004177	R[2]= 1.012712	R[3]= 1.006082	R[4]= 1.000149	R[5]= 1.000250	R[6]= 1.000704	R[7]= 1.000062	R[8]= 1.001228	R[9]= 1.002706	R[10]= 1.004393	R[11]= 1.000118	R[12]= 1.000587	R[13]= 1.001654	R[14]= 1.000016	R[15]= 1.003169	R[16]= 1.006584	
<R>= 1.002673

Mean parameters
A[0]= 0.926163 pm 0.062954
A[1]= 1.037853 pm 0.053691
A[2]= 0.838025 pm 0.549472
A[3]= 3.837295 pm 1.307105
A[4]= -6654.062669 pm 4852.085032
A[5]= 2012.844725 pm 1654.057466
A[6]= 118.026747 pm 437.485136
A[7]= 2919.088295 pm 9364.030999
A[8]= 91.059019 pm 3501.079528
A[9]= -531.307088 pm 840.610638
A[10]= 4.750228 pm 1.895023
A[11]= -5420.155557 pm 6824.926517
A[12]= 2794.476267 pm 2352.122783
A[13]= -265.303168 pm 632.030140
A[14]= -3255.271705 pm 10242.488616
A[15]= 2263.893879 pm 3908.048665
A[16]= -845.453486 pm 1011.442241

Best-fitting parameters
A[0]= 0.925122
A[1]= 1.037029
A[2]= 0.784882
A[3]= 4.134874
A[4]= -5006.027000
A[5]= 2060.807000
A[6]= -55.470710
A[7]= 4353.995000
A[8]= 155.334000
A[9]= -699.014100
A[10]= 4.737134
A[11]= -3766.436000
A[12]= 2531.661000
A[13]= -331.410200
A[14]= -5660.789000
A[15]= 2853.436000
A[16]= -948.898300
chi2_min= 57.752000


Cross-Covariance parameters
1.000000	-0.438064	-0.288983	0.115798	0.151946	-0.300003	0.237019	0.324352	-0.420648	0.238563	0.249940	0.146682	-0.119203	-0.018866	0.212440	-0.287766	0.118867	
-0.438064	1.000000	0.277175	-0.225566	0.240331	-0.120239	-0.102793	-0.227214	0.301397	-0.181515	-0.404760	0.145371	-0.278809	0.232119	-0.131388	0.125047	-0.004329	
-0.288983	0.277175	1.000000	-0.718061	-0.114982	0.200830	-0.157206	-0.025186	0.559003	-0.843829	-0.690572	-0.098061	0.059497	0.030306	-0.012512	0.526839	-0.749523	
0.115798	-0.225566	-0.718061	1.000000	0.160720	0.216659	-0.496488	-0.050192	-0.225368	0.416239	0.538417	0.040911	-0.005494	-0.039863	-0.020675	-0.372972	0.568822	
0.151946	0.240331	-0.114982	0.160720	1.000000	-0.721852	0.034217	0.105833	-0.124496	0.081170	0.006215	0.124714	-0.160273	0.079823	0.017010	-0.108836	0.134221	
-0.300003	-0.120239	0.200830	0.216659	-0.721852	1.000000	-0.708899	-0.191581	0.422797	-0.436459	-0.087834	-0.130514	0.167872	-0.081587	-0.055058	0.189002	-0.199862	
0.237019	-0.102793	-0.157206	-0.496488	0.034217	-0.708899	1.000000	0.161448	-0.471011	0.538709	0.120308	0.039151	-0.051227	0.023479	0.057743	-0.145021	0.134609	
0.324352	-0.227214	-0.025186	-0.050192	0.105833	-0.191581	0.161448	1.000000	-0.766016	0.199446	0.062030	0.027585	0.001718	-0.038798	0.076565	-0.045844	-0.043084	
-0.420648	0.301397	0.559003	-0.225368	-0.124496	0.422797	-0.471011	-0.766016	1.000000	-0.773124	-0.435347	-0.078137	0.050589	0.023914	-0.067216	0.351214	-0.415683	
0.238563	-0.181515	-0.843829	0.416239	0.081170	-0.436459	0.538709	0.199446	-0.773124	1.000000	0.604891	0.088817	-0.081483	0.010853	0.004474	-0.490542	0.707778	
0.249940	-0.404760	-0.690572	0.538417	0.006215	-0.087834	0.120308	0.062030	-0.435347	0.604891	1.000000	0.133660	0.363158	-0.665097	-0.003910	-0.179202	0.261654	
0.146682	0.145371	-0.098061	0.040911	0.124714	-0.130514	0.039151	0.027585	-0.078137	0.088817	0.133660	1.000000	-0.706796	0.034706	0.108356	-0.101717	0.036558	
-0.119203	-0.278809	0.059497	-0.005494	-0.160273	0.167872	-0.051227	0.001718	0.050589	-0.081483	0.363158	-0.706796	1.000000	-0.724294	-0.107879	0.346307	-0.383930	
-0.018866	0.232119	0.030306	-0.039863	0.079823	-0.081587	0.023479	-0.038798	0.023914	0.010853	-0.665097	0.034706	-0.724294	1.000000	0.042483	-0.376828	0.497221	
0.212440	-0.131388	-0.012512	-0.020675	0.017010	-0.055058	0.057743	0.076565	-0.067216	0.004474	-0.003910	0.108356	-0.107879	0.042483	1.000000	-0.713257	0.140305	
-0.287766	0.125047	0.526839	-0.372972	-0.108836	0.189002	-0.145021	-0.045844	0.351214	-0.490542	-0.179202	-0.101717	0.346307	-0.376828	-0.713257	1.000000	-0.779280	
0.118867	-0.004329	-0.749523	0.568822	0.134221	-0.199862	0.134609	-0.043084	-0.415683	0.707778	0.261654	0.036558	-0.383930	0.497221	0.140305	-0.779280	1.000000	

Time taken for mcmc chain: 8.358333 hours
