Number of steps: 5282447
Number of accepted steps: 960000
Burn-in number of steps: 10000
Accepted fraction of steps: 0.181734
Convergence Status
R[0]= 1.000379	R[1]= 1.000099	R[2]= 1.000994	R[3]= 1.000657	R[4]= 1.000495	R[5]= 1.000355	R[6]= 1.000406	R[7]= 1.000703	R[8]= 1.000072	R[9]= 1.000763	R[10]= 1.000773	R[11]= 1.000296	R[12]= 1.000391	R[13]= 1.000725	R[14]= 1.000824	R[15]= 1.000493	R[16]= 1.000600	
<R>= 1.000531

Mean parameters
A[0]= 0.976734 pm 0.057935
A[1]= 0.999991 pm 0.029612
A[2]= 0.402486 pm 0.252800
A[3]= 8.086502 pm 1.606574
A[4]= -1593.147084 pm 4976.077305
A[5]= 3834.394173 pm 1769.599859
A[6]= -1018.289862 pm 433.114786
A[7]= -3049.965802 pm 9481.981306
A[8]= 1156.052162 pm 3419.623718
A[9]= -543.859239 pm 823.868056
A[10]= 4.902715 pm 1.630467
A[11]= -3069.353497 pm 6842.086456
A[12]= 1524.524191 pm 2175.837254
A[13]= 130.558487 pm 598.330381
A[14]= -13071.086006 pm 6126.623958
A[15]= 5029.439125 pm 2400.185879
A[16]= -603.767542 pm 622.703312

Best-fitting parameters
A[0]= 0.984493
A[1]= 0.999366
A[2]= 0.400228
A[3]= 7.813684
A[4]= 770.981000
A[5]= 3003.372000
A[6]= -918.018100
A[7]= 55.777230
A[8]= 492.927700
A[9]= -554.483400
A[10]= 4.395301
A[11]= -6131.251000
A[12]= 1780.898000
A[13]= 284.786100
A[14]= -18301.580000
A[15]= 5886.303000
A[16]= -578.581400
chi2_min= 65.830150


Cross-Covariance parameters
1.000000	-0.368751	-0.302848	0.084510	0.262837	-0.360314	0.217679	0.397699	-0.484225	0.216972	0.185709	0.122854	-0.086851	-0.043951	0.099271	-0.195945	0.077180	
-0.368751	1.000000	0.234884	-0.329751	0.235156	-0.259222	0.127174	-0.235278	0.277868	-0.113326	-0.071660	0.136317	-0.062112	-0.072742	-0.062421	0.163343	-0.117481	
-0.302848	0.234884	1.000000	-0.700251	-0.103007	0.150458	-0.111618	-0.013906	0.608710	-0.928839	-0.334503	-0.013628	0.118167	-0.142532	0.013740	0.546984	-0.799753	
0.084510	-0.329751	-0.700251	1.000000	0.065767	0.337689	-0.602208	-0.028276	-0.299480	0.502560	0.219022	-0.056848	-0.040756	0.122790	-0.027686	-0.376907	0.578028	
0.262837	0.235156	-0.103007	0.065767	1.000000	-0.764642	0.137327	0.168362	-0.196541	0.104138	0.072115	0.105880	-0.069399	-0.035435	0.003749	-0.048885	0.045652	
-0.360314	-0.259222	0.150458	0.337689	-0.764642	1.000000	-0.735519	-0.188087	0.340265	-0.297600	-0.091937	-0.134166	0.096374	0.033132	-0.024023	0.087152	-0.073558	
0.217679	0.127174	-0.111618	-0.602208	0.137327	-0.735519	1.000000	0.095126	-0.298816	0.345408	0.053170	0.078228	-0.066539	-0.004299	0.028195	-0.076644	0.066953	
0.397699	-0.235278	-0.013906	-0.028276	0.168362	-0.188087	0.095126	1.000000	-0.765412	0.137663	0.032929	0.024744	-0.008082	-0.027045	0.056216	-0.027140	-0.066705	
-0.484225	0.277868	0.608710	-0.299480	-0.196541	0.340265	-0.298816	-0.765412	1.000000	-0.730523	-0.224424	-0.036638	0.086043	-0.066203	-0.035974	0.351795	-0.432855	
0.216972	-0.113326	-0.928839	0.502560	0.104138	-0.297600	0.345408	0.137663	-0.730523	1.000000	0.303089	0.020598	-0.121545	0.140185	-0.017196	-0.512246	0.763305	
0.185709	-0.071660	-0.334503	0.219022	0.072115	-0.091937	0.053170	0.032929	-0.224424	0.303089	1.000000	0.200783	0.440639	-0.851570	-0.003854	0.079026	-0.124119	
0.122854	0.136317	-0.013628	-0.056848	0.105880	-0.134166	0.078228	0.024744	-0.036638	0.020598	0.200783	1.000000	-0.707146	-0.033290	0.065712	-0.017567	-0.061067	
-0.086851	-0.062112	0.118167	-0.040756	-0.069399	0.096374	-0.066539	-0.008082	0.086043	-0.121545	0.440639	-0.707146	1.000000	-0.675846	-0.058647	0.299467	-0.357702	
-0.043951	-0.072742	-0.142532	0.122790	-0.035435	0.033132	-0.004299	-0.027045	-0.066203	0.140185	-0.851570	-0.033290	-0.675846	1.000000	0.011648	-0.396654	0.568023	
0.099271	-0.062421	0.013740	-0.027686	0.003749	-0.024023	0.028195	0.056216	-0.035974	-0.017196	-0.003854	0.065712	-0.058647	0.011648	1.000000	-0.681474	0.132611	
-0.195945	0.163343	0.546984	-0.376907	-0.048885	0.087152	-0.076644	-0.027140	0.351795	-0.512246	0.079026	-0.017567	0.299467	-0.396654	-0.681474	1.000000	-0.785235	
0.077180	-0.117481	-0.799753	0.578028	0.045652	-0.073558	0.066953	-0.066705	-0.432855	0.763305	-0.124119	-0.061067	-0.357702	0.568023	0.132611	-0.785235	1.000000	

Time taken for mcmc chain: 1.578056 hours
