Number of steps: 2921605
Number of accepted steps: 1060000
Burn-in number of steps: 10000
Accepted fraction of steps: 0.362814
Convergence Status
R[0]= 1.000552	R[1]= 1.000107	R[2]= 1.000922	R[3]= 1.000962	R[4]= 1.000783	R[5]= 1.000558	R[6]= 1.000529	R[7]= 1.000408	R[8]= 1.000443	R[9]= 1.000392	R[10]= 1.000632	R[11]= 1.000806	R[12]= 1.000312	R[13]= 1.000468	R[14]= 1.000065	R[15]= 1.000221	R[16]= 1.000922	
<R>= 1.000534

Mean parameters
A[0]= 1.092167 pm 0.041887
A[1]= 1.010481 pm 0.021454
A[2]= 0.251464 pm 0.158017
A[3]= 5.579050 pm 0.799431
A[4]= 1901.396129 pm 3174.322854
A[5]= 252.100915 pm 920.802461
A[6]= -40.979406 pm 217.814581
A[7]= 719.873068 pm 7237.774858
A[8]= -1908.492533 pm 2054.035572
A[9]= 184.434612 pm 369.207907
A[10]= 6.023917 pm 1.067158
A[11]= 4196.031147 pm 4971.957139
A[12]= 478.774348 pm 1346.246182
A[13]= -241.290454 pm 340.620737
A[14]= -9653.989600 pm 7325.861408
A[15]= 1752.851767 pm 2189.827480
A[16]= -195.598625 pm 439.815954

Best-fitting parameters
A[0]= 1.082765
A[1]= 1.014328
A[2]= 0.233823
A[3]= 5.243392
A[4]= 1078.163000
A[5]= 151.647800
A[6]= 81.863300
A[7]= -343.817000
A[8]= -1804.271000
A[9]= 255.335400
A[10]= 5.773753
A[11]= 5557.568000
A[12]= -51.554170
A[13]= -128.075400
A[14]= -14804.020000
A[15]= 3096.578000
A[16]= -208.325500
chi2_min= 54.915030


Cross-Covariance parameters
1.000000	-0.409971	-0.225946	0.088119	0.156441	-0.219268	0.094997	0.383334	-0.461874	0.182987	0.073149	0.095514	-0.148673	0.063130	0.203425	-0.290797	0.118802	
-0.409971	1.000000	0.150572	-0.232726	0.221206	-0.270369	0.110144	-0.263725	0.288711	-0.074590	-0.163557	0.209255	-0.231564	0.054737	-0.148781	0.180719	-0.045582	
-0.225946	0.150572	1.000000	-0.641258	-0.027399	0.037035	-0.028023	0.119401	0.311770	-0.912838	-0.426213	0.028203	0.052259	-0.125577	0.089506	0.370131	-0.884091	
0.088119	-0.232726	-0.641258	1.000000	0.176405	0.287492	-0.719736	-0.038217	-0.167862	0.429003	0.305568	-0.068946	0.035362	0.050873	-0.051348	-0.237972	0.560691	
0.156441	0.221206	-0.027399	0.176405	1.000000	-0.794863	-0.031714	0.179519	-0.174359	0.031099	-0.014010	0.107723	-0.121184	0.022143	0.012941	-0.028955	0.024481	
-0.219268	-0.270369	0.037035	0.287492	-0.794863	1.000000	-0.571530	-0.160572	0.223946	-0.179765	0.030888	-0.134437	0.162972	-0.045750	-0.015094	0.038975	-0.035361	
0.094997	0.110144	-0.028023	-0.719736	-0.031714	-0.571530	1.000000	-0.001532	-0.110362	0.257414	-0.021044	0.051750	-0.075240	0.037402	-0.001131	-0.017143	0.029684	
0.383334	-0.263725	0.119401	-0.038217	0.179519	-0.160572	-0.001532	1.000000	-0.887551	0.111003	-0.034777	0.016403	-0.007283	-0.025365	0.127056	-0.058204	-0.152136	
-0.461874	0.288711	0.311770	-0.167862	-0.174359	0.223946	-0.110362	-0.887551	1.000000	-0.541845	-0.143403	-0.009718	0.038716	-0.034463	-0.078891	0.210911	-0.234286	
0.182987	-0.074590	-0.912838	0.429003	0.031099	-0.179765	0.257414	0.111003	-0.541845	1.000000	0.382618	-0.013454	-0.064027	0.121432	-0.092483	-0.330883	0.814743	
0.073149	-0.163557	-0.426213	0.305568	-0.014010	0.030888	-0.021044	-0.034777	-0.143403	0.382618	1.000000	0.264618	0.279619	-0.814381	0.012083	-0.086070	0.126698	
0.095514	0.209255	0.028203	-0.068946	0.107723	-0.134437	0.051750	0.016403	-0.009718	-0.013454	0.264618	1.000000	-0.776489	-0.128014	0.125925	-0.082988	-0.074119	
-0.148673	-0.231564	0.052259	0.035362	-0.121184	0.162972	-0.075240	-0.007283	0.038716	-0.064027	0.279619	-0.776489	1.000000	-0.515941	-0.092617	0.184518	-0.190017	
0.063130	0.054737	-0.125577	0.050873	0.022143	-0.045750	0.037402	-0.025365	-0.034463	0.121432	-0.814381	-0.128014	-0.515941	1.000000	-0.035077	-0.167327	0.407069	
0.203425	-0.148781	0.089506	-0.051348	0.012941	-0.015094	-0.001131	0.127056	-0.078891	-0.092483	0.012083	0.125925	-0.092617	-0.035077	1.000000	-0.849502	0.130125	
-0.290797	0.180719	0.370131	-0.237972	-0.028955	0.038975	-0.017143	-0.058204	0.210911	-0.330883	-0.086070	-0.082988	0.184518	-0.167327	-0.849502	1.000000	-0.607638	
0.118802	-0.045582	-0.884091	0.560691	0.024481	-0.035361	0.029684	-0.152136	-0.234286	0.814743	0.126698	-0.074119	-0.190017	0.407069	0.130125	-0.607638	1.000000	

Time taken for mcmc chain: 54.900000 minutes
