Number of steps: 7692707
Number of accepted steps: 1540000
Burn-in number of steps: 10000
Accepted fraction of steps: 0.200190
Convergence Status
R[0]= 1.000535	R[1]= 1.000240	R[2]= 1.000988	R[3]= 1.000572	R[4]= 1.000789	R[5]= 1.000907	R[6]= 1.000564	R[7]= 1.000187	R[8]= 1.000350	R[9]= 1.000453	R[10]= 1.000385	R[11]= 1.000322	R[12]= 1.000431	R[13]= 1.000271	R[14]= 1.000316	R[15]= 1.000684	R[16]= 1.000681	
<R>= 1.000510

Mean parameters
A[0]= 0.999136 pm 0.081533
A[1]= 1.054182 pm 0.032202
A[2]= 0.357138 pm 0.227888
A[3]= 4.453966 pm 0.844772
A[4]= 3745.645608 pm 3455.238384
A[5]= -858.752742 pm 997.462224
A[6]= 272.397939 pm 224.814551
A[7]= 2380.320385 pm 7816.311343
A[8]= -1681.988019 pm 2420.228563
A[9]= 201.846176 pm 405.537343
A[10]= 5.010353 pm 1.092791
A[11]= 8045.562992 pm 4882.629242
A[12]= -1487.425069 pm 1522.020813
A[13]= 108.023204 pm 402.145470
A[14]= 7912.377221 pm 8485.149825
A[15]= -3013.542148 pm 2883.103156
A[16]= 204.655357 pm 527.943369

Best-fitting parameters
A[0]= 1.023559
A[1]= 1.030243
A[2]= 0.345119
A[3]= 4.615994
A[4]= 2503.741000
A[5]= -441.426200
A[6]= 210.424700
A[7]= 3392.553000
A[8]= -1796.342000
A[9]= 117.012500
A[10]= 4.986241
A[11]= 9153.143000
A[12]= -1898.953000
A[13]= 167.919100
A[14]= 15326.290000
A[15]= -4819.569000
A[16]= 237.298000
chi2_min= 58.765640


Cross-Covariance parameters
1.000000	-0.587958	-0.411991	0.344068	0.408150	-0.391392	-0.028386	0.554891	-0.618763	0.229388	-0.187436	0.114983	-0.464324	0.489994	0.433092	-0.562659	0.334036	
-0.587958	1.000000	0.326993	-0.380495	-0.007127	-0.057922	0.132774	-0.417982	0.452822	-0.159360	-0.044935	0.141697	0.053171	-0.225914	-0.334997	0.411667	-0.226409	
-0.411991	0.326993	1.000000	-0.717809	-0.211965	0.230504	-0.045957	-0.111176	0.500562	-0.893009	-0.385413	-0.058075	0.272934	-0.310688	-0.110753	0.535018	-0.896699	
0.344068	-0.380495	-0.717809	1.000000	0.304374	0.084324	-0.629198	0.091138	-0.303526	0.482338	0.272289	0.000535	-0.168587	0.232634	0.112950	-0.411562	0.637860	
0.408150	-0.007127	-0.211965	0.304374	1.000000	-0.813922	-0.051123	0.282826	-0.307632	0.129058	-0.089310	0.130140	-0.283525	0.233012	0.151789	-0.237084	0.194497	
-0.391392	-0.057922	0.230504	0.084324	-0.813922	1.000000	-0.526446	-0.295044	0.393028	-0.302297	0.078792	-0.149336	0.303415	-0.237871	-0.137958	0.235497	-0.218112	
-0.028386	0.132774	-0.045957	-0.629198	-0.051123	-0.526446	1.000000	0.041863	-0.165676	0.309314	0.022195	0.039941	-0.042961	0.012296	-0.028000	-0.001045	0.055428	
0.554891	-0.417982	-0.111176	0.091138	0.282826	-0.295044	0.041863	1.000000	-0.895818	0.219378	-0.158466	0.029981	-0.218393	0.255324	0.275114	-0.289450	0.077601	
-0.618763	0.452822	0.500562	-0.303526	-0.307632	0.393028	-0.165676	-0.895818	1.000000	-0.613416	-0.024448	-0.049143	0.294362	-0.340753	-0.263258	0.452553	-0.437302	
0.229388	-0.159360	-0.893009	0.482338	0.129058	-0.302297	0.309314	0.219378	-0.613416	1.000000	0.387119	0.041017	-0.199384	0.232330	0.019865	-0.415066	0.822486	
-0.187436	-0.044935	-0.385413	0.272289	-0.089310	0.078792	0.022195	-0.158466	-0.024448	0.387119	1.000000	0.231263	0.313241	-0.726840	-0.152013	0.068396	0.132616	
0.114983	0.141697	-0.058075	0.000535	0.130140	-0.149336	0.039941	0.029981	-0.049143	0.041017	0.231263	1.000000	-0.718016	-0.048406	0.114409	-0.098404	0.005271	
-0.464324	0.053171	0.272934	-0.168587	-0.283525	0.303415	-0.042961	-0.218393	0.294362	-0.199384	0.313241	-0.718016	1.000000	-0.652008	-0.288660	0.434226	-0.374463	
0.489994	-0.225914	-0.310688	0.232634	0.233012	-0.237871	0.012296	0.255324	-0.340753	0.232330	-0.726840	-0.048406	-0.652008	1.000000	0.270251	-0.493215	0.526851	
0.433092	-0.334997	-0.110753	0.112950	0.151789	-0.137958	-0.028000	0.275114	-0.263258	0.019865	-0.152013	0.114409	-0.288660	0.270251	1.000000	-0.864089	0.292331	
-0.562659	0.411667	0.535018	-0.411562	-0.237084	0.235497	-0.001045	-0.289450	0.452553	-0.415066	0.068396	-0.098404	0.434226	-0.493215	-0.864089	1.000000	-0.712777	
0.334036	-0.226409	-0.896699	0.637860	0.194497	-0.218112	0.055428	0.077601	-0.437302	0.822486	0.132616	0.005271	-0.374463	0.526851	0.292331	-0.712777	1.000000	

Time taken for mcmc chain: 2.430556 hours
