Number of steps: 2713439
Number of accepted steps: 900000
Burn-in number of steps: 10000
Accepted fraction of steps: 0.331682
Convergence Status
R[0]= 1.000136	R[1]= 1.000154	R[2]= 1.000755	R[3]= 1.000242	R[4]= 1.000163	R[5]= 1.000277	R[6]= 1.000123	R[7]= 1.000320	R[8]= 1.000298	R[9]= 1.000620	R[10]= 1.000364	R[11]= 1.000259	R[12]= 1.000471	R[13]= 1.000451	R[14]= 1.000317	R[15]= 1.000351	R[16]= 1.000554	
<R>= 1.000344

Mean parameters
A[0]= 1.080564 pm 0.039091
A[1]= 0.967588 pm 0.018187
A[2]= 0.288896 pm 0.173843
A[3]= 5.756151 pm 0.865815
A[4]= 7670.585232 pm 3054.911043
A[5]= -1113.154558 pm 924.384188
A[6]= 19.475113 pm 228.196996
A[7]= 8491.570547 pm 6298.455449
A[8]= -3767.908855 pm 1886.682646
A[9]= 196.009863 pm 410.638725
A[10]= 4.715649 pm 1.096455
A[11]= -5752.904610 pm 4641.140469
A[12]= 1616.318244 pm 1375.679056
A[13]= 176.750479 pm 358.843760
A[14]= 8060.320570 pm 7821.277835
A[15]= -4535.494107 pm 2275.918361
A[16]= 393.168528 pm 390.646167

Best-fitting parameters
A[0]= 1.076033
A[1]= 0.965151
A[2]= 0.327026
A[3]= 5.699711
A[4]= 8830.602000
A[5]= -1306.101000
A[6]= -4.708919
A[7]= 12387.440000
A[8]= -4495.898000
A[9]= 136.739400
A[10]= 4.799142
A[11]= -6041.056000
A[12]= 2008.108000
A[13]= 73.719730
A[14]= 13734.430000
A[15]= -5799.457000
A[16]= 367.664000
chi2_min= 62.223080


Cross-Covariance parameters
1.000000	-0.411922	-0.208577	0.136140	0.181967	-0.189172	0.023429	0.333363	-0.404009	0.135197	-0.080040	0.057885	-0.189573	0.193057	0.154273	-0.247177	0.175078	
-0.411922	1.000000	0.157584	-0.237253	0.155559	-0.214246	0.109849	-0.198742	0.232934	-0.065274	-0.084706	0.129846	-0.107158	-0.013014	-0.099709	0.140812	-0.077614	
-0.208577	0.157584	1.000000	-0.669076	-0.012374	0.016223	-0.019476	0.107855	0.424893	-0.923792	-0.381840	0.040511	0.004654	-0.061106	0.078925	0.286982	-0.817672	
0.136140	-0.237253	-0.669076	1.000000	0.141971	0.336742	-0.703348	-0.016176	-0.249790	0.450524	0.273231	-0.059623	0.036065	0.025709	-0.040598	-0.199598	0.540769	
0.181967	0.155559	-0.012374	0.141971	1.000000	-0.769070	-0.006966	0.190759	-0.166766	0.001043	-0.053276	0.056923	-0.090937	0.057181	0.024433	-0.037789	0.027574	
-0.189172	-0.214246	0.016223	0.336742	-0.769070	1.000000	-0.625001	-0.139309	0.207158	-0.164438	0.057976	-0.076549	0.113043	-0.064437	-0.015683	0.033494	-0.033344	
0.023429	0.109849	-0.019476	-0.703348	-0.006966	-0.625001	1.000000	-0.037001	-0.103202	0.265419	-0.010204	0.036024	-0.045005	0.019867	-0.011793	-0.001053	0.023525	
0.333363	-0.198742	0.107855	-0.016176	0.190759	-0.139309	-0.037001	1.000000	-0.828322	0.068434	-0.085255	0.023209	-0.054018	0.047532	0.081262	-0.045896	-0.090858	
-0.404009	0.232934	0.424893	-0.249790	-0.166766	0.207158	-0.103202	-0.828322	1.000000	-0.601323	-0.122194	-0.007961	0.058914	-0.076005	-0.028077	0.188278	-0.347012	
0.135197	-0.065274	-0.923792	0.450524	0.001043	-0.164438	0.265419	0.068434	-0.601323	1.000000	0.360198	-0.023485	-0.010758	0.049288	-0.087251	-0.252420	0.760336	
-0.080040	-0.084706	-0.381840	0.273231	-0.053276	0.057976	-0.010204	-0.085255	-0.122194	0.360198	1.000000	0.187713	0.426265	-0.871298	-0.000260	0.002408	-0.025236	
0.057885	0.129846	0.040511	-0.059623	0.056923	-0.076549	0.036024	0.023209	-0.007961	-0.023485	0.187713	1.000000	-0.745080	-0.040141	0.138258	-0.100113	-0.065919	
-0.189573	-0.107158	0.004654	0.036065	-0.090937	0.113043	-0.045005	-0.054018	0.058914	-0.010758	0.426265	-0.745080	1.000000	-0.628612	-0.106515	0.201799	-0.238609	
0.193057	-0.013014	-0.061106	0.025709	0.057181	-0.064437	0.019867	0.047532	-0.076005	0.049288	-0.871298	-0.040141	-0.628612	1.000000	-0.008537	-0.178993	0.442170	
0.154273	-0.099709	0.078925	-0.040598	0.024433	-0.015683	-0.011793	0.081262	-0.028077	-0.087251	-0.000260	0.138258	-0.106515	-0.008537	1.000000	-0.889107	0.219238	
-0.247177	0.140812	0.286982	-0.199598	-0.037789	0.033494	-0.001053	-0.045896	0.188278	-0.252420	0.002408	-0.100113	0.201799	-0.178993	-0.889107	1.000000	-0.617607	
0.175078	-0.077614	-0.817672	0.540769	0.027574	-0.033344	0.023525	-0.090858	-0.347012	0.760336	-0.025236	-0.065919	-0.238609	0.442170	0.219238	-0.617607	1.000000	

Time taken for mcmc chain: 49.666667 minutes
