Number of steps: 6296009
Number of accepted steps: 1650000
Burn-in number of steps: 10000
Accepted fraction of steps: 0.262071
Convergence Status
R[0]= 1.000089	R[1]= 1.000169	R[2]= 1.000700	R[3]= 1.000407	R[4]= 1.000055	R[5]= 1.000054	R[6]= 1.000189	R[7]= 1.000188	R[8]= 1.000292	R[9]= 1.000280	R[10]= 1.000940	R[11]= 1.000457	R[12]= 1.000357	R[13]= 1.000866	R[14]= 1.000241	R[15]= 1.000082	R[16]= 1.000060	
<R>= 1.000319

Mean parameters
A[0]= 1.016608 pm 0.039945
A[1]= 1.028125 pm 0.023948
A[2]= 0.597535 pm 0.235911
A[3]= 4.718434 pm 0.802295
A[4]= 405.288093 pm 3190.096013
A[5]= 1004.040077 pm 953.067399
A[6]= -153.035806 pm 228.206706
A[7]= -621.022235 pm 7290.416483
A[8]= 1053.772485 pm 2271.505664
A[9]= -560.839216 pm 495.738806
A[10]= 4.542320 pm 1.057551
A[11]= 2011.461362 pm 4863.679815
A[12]= 718.661159 pm 1390.107263
A[13]= -127.805622 pm 358.695113
A[14]= 2654.218552 pm 9103.085784
A[15]= 29.573555 pm 2753.667445
A[16]= -520.975035 pm 509.454464

Best-fitting parameters
A[0]= 1.015528
A[1]= 1.032528
A[2]= 0.557181
A[3]= 4.814029
A[4]= 1170.082000
A[5]= 906.394800
A[6]= -172.407500
A[7]= -1064.532000
A[8]= 1112.711000
A[9]= -531.472200
A[10]= 4.713008
A[11]= 1673.069000
A[12]= 786.304900
A[13]= -174.762900
A[14]= 163.293700
A[15]= 489.220900
A[16]= -526.617500
chi2_min= 48.545550


Cross-Covariance parameters
1.000000	-0.423688	-0.276790	0.174602	0.205235	-0.290875	0.144336	0.417739	-0.511785	0.235644	0.112467	0.126943	-0.204759	0.111405	0.259868	-0.361676	0.218414	
-0.423688	1.000000	0.189189	-0.248638	0.204184	-0.204483	0.036747	-0.273252	0.303160	-0.111882	-0.207334	0.140439	-0.164601	0.059951	-0.183379	0.209991	-0.079726	
-0.276790	0.189189	1.000000	-0.761695	-0.084070	0.150561	-0.125212	0.069507	0.458844	-0.908789	-0.628034	-0.088901	0.064839	0.023843	0.061886	0.324039	-0.780353	
0.174602	-0.248638	-0.761695	1.000000	0.182870	0.162545	-0.514075	-0.053984	-0.245824	0.506495	0.498533	0.037303	-0.008876	-0.034826	-0.044563	-0.245504	0.589663	
0.205235	0.204184	-0.084070	0.182870	1.000000	-0.784580	-0.012967	0.180609	-0.175288	0.046117	0.001280	0.104677	-0.133211	0.052284	0.019026	-0.061781	0.081370	
-0.290875	-0.204483	0.150561	0.162545	-0.784580	1.000000	-0.600436	-0.196023	0.336849	-0.307337	-0.034134	-0.123326	0.163663	-0.070080	-0.029601	0.104832	-0.147352	
0.144336	0.036747	-0.125212	-0.514075	-0.012967	-0.600436	1.000000	0.060082	-0.291894	0.431423	0.058574	0.042160	-0.062298	0.032100	0.011365	-0.071619	0.121284	
0.417739	-0.273252	0.069507	-0.053984	0.180609	-0.196023	0.060082	1.000000	-0.823014	0.101712	-0.058406	0.014766	-0.047889	0.041038	0.147006	-0.108809	-0.068595	
-0.511785	0.303160	0.458844	-0.245824	-0.175288	0.336849	-0.291894	-0.823014	1.000000	-0.638358	-0.272154	-0.065515	0.087992	-0.033247	-0.092873	0.266909	-0.359023	
0.235644	-0.111882	-0.908789	0.506495	0.046117	-0.307337	0.431423	0.101712	-0.638358	1.000000	0.566913	0.087094	-0.073782	-0.007727	-0.068375	-0.293687	0.731511	
0.112467	-0.207334	-0.628034	0.498533	0.001280	-0.034134	0.058574	-0.058406	-0.272154	0.566913	1.000000	0.252868	0.279374	-0.759126	-0.052214	-0.025455	0.135892	
0.126943	0.140439	-0.088901	0.037303	0.104677	-0.123326	0.042160	0.014766	-0.065515	0.087094	0.252868	1.000000	-0.755098	-0.081739	0.125539	-0.104293	-0.014887	
-0.204759	-0.164601	0.064839	-0.008876	-0.133211	0.163663	-0.062298	-0.047889	0.087992	-0.073782	0.279374	-0.755098	1.000000	-0.583159	-0.150666	0.280415	-0.306784	
0.111405	0.059951	0.023843	-0.034826	0.052284	-0.070080	0.032100	0.041038	-0.033247	-0.007727	-0.759126	-0.081739	-0.583159	1.000000	0.064082	-0.283758	0.481601	
0.259868	-0.183379	0.061886	-0.044563	0.019026	-0.029601	0.011365	0.147006	-0.092873	-0.068375	-0.052214	0.125539	-0.150666	0.064082	1.000000	-0.871807	0.211350	
-0.361676	0.209991	0.324039	-0.245504	-0.061781	0.104832	-0.071619	-0.108809	0.266909	-0.293687	-0.025455	-0.104293	0.280415	-0.283758	-0.871807	1.000000	-0.646285	
0.218414	-0.079726	-0.780353	0.589663	0.081370	-0.147352	0.121284	-0.068595	-0.359023	0.731511	0.135892	-0.014887	-0.306784	0.481601	0.211350	-0.646285	1.000000	

Time taken for mcmc chain: 2.013611 hours
