Number of steps: 3059532
Number of accepted steps: 1240000
Burn-in number of steps: 10000
Accepted fraction of steps: 0.405291
Convergence Status
R[0]= 1.000477	R[1]= 1.000595	R[2]= 1.000827	R[3]= 1.000571	R[4]= 1.000210	R[5]= 1.000201	R[6]= 1.000454	R[7]= 1.000455	R[8]= 1.000254	R[9]= 1.000462	R[10]= 1.000945	R[11]= 1.000082	R[12]= 1.000562	R[13]= 1.000821	R[14]= 1.000380	R[15]= 1.000232	R[16]= 1.000141	
<R>= 1.000451

Mean parameters
A[0]= 1.066481 pm 0.051939
A[1]= 1.015220 pm 0.022202
A[2]= 0.162610 pm 0.121689
A[3]= 6.087300 pm 0.781342
A[4]= 5044.788253 pm 3222.042044
A[5]= -283.093168 pm 955.344619
A[6]= -66.525262 pm 221.154616
A[7]= 1125.909542 pm 7386.667322
A[8]= -2218.526960 pm 2101.319379
A[9]= 385.118039 pm 317.338904
A[10]= 5.656351 pm 1.080812
A[11]= 3520.734783 pm 4943.178022
A[12]= -94.326783 pm 1341.464276
A[13]= 17.203795 pm 339.554494
A[14]= -9759.162340 pm 7273.195975
A[15]= 1225.988211 pm 2112.296237
A[16]= 71.711796 pm 323.760879

Best-fitting parameters
A[0]= 1.060011
A[1]= 1.015154
A[2]= 0.138489
A[3]= 6.589983
A[4]= 5560.435000
A[5]= -34.481680
A[6]= -205.262800
A[7]= 14.149720
A[8]= -1880.125000
A[9]= 380.068900
A[10]= 6.419688
A[11]= 3504.966000
A[12]= 526.172900
A[13]= -220.371500
A[14]= -17102.480000
A[15]= 2976.066000
A[16]= -0.856025
chi2_min= 67.736130


Cross-Covariance parameters
1.000000	-0.403702	-0.203148	-0.010674	0.226532	-0.308238	0.141960	0.455730	-0.496592	0.119420	0.075283	0.148273	-0.161126	-0.000251	0.229248	-0.269442	0.016273	
-0.403702	1.000000	0.137823	-0.208630	0.214040	-0.253808	0.104608	-0.313588	0.316828	-0.040283	-0.141472	0.168623	-0.201635	0.069797	-0.171869	0.180425	0.005940	
-0.203148	0.137823	1.000000	-0.532518	-0.041646	0.075697	-0.068149	0.049604	0.307294	-0.902058	-0.329563	-0.006720	0.050927	-0.068234	0.040215	0.290737	-0.827546	
-0.010674	-0.208630	-0.532518	1.000000	0.167207	0.328448	-0.780729	-0.044579	-0.094690	0.343511	0.198895	-0.065353	0.054429	0.016105	-0.039394	-0.134694	0.442114	
0.226532	0.214040	-0.041646	0.167207	1.000000	-0.798475	-0.006875	0.187915	-0.192967	0.055254	-0.012436	0.116751	-0.130477	0.019783	0.015033	-0.031406	0.016213	
-0.308238	-0.253808	0.075697	0.328448	-0.798475	1.000000	-0.586582	-0.202124	0.261042	-0.194458	0.012197	-0.148702	0.171234	-0.033103	-0.029447	0.058266	-0.042770	
0.141960	0.104608	-0.068149	-0.780729	-0.006875	-0.586582	1.000000	0.056711	-0.146302	0.248646	0.000341	0.065215	-0.081881	0.025678	0.019636	-0.044784	0.054877	
0.455730	-0.313588	0.049604	-0.044579	0.187915	-0.202124	0.056711	1.000000	-0.920371	0.197394	-0.000677	0.027961	-0.023382	-0.019677	0.123292	-0.089523	-0.127284	
-0.496592	0.316828	0.307294	-0.094690	-0.192967	0.261042	-0.146302	-0.920371	1.000000	-0.546831	-0.112541	-0.034302	0.047836	-0.009377	-0.098123	0.185143	-0.177436	
0.119420	-0.040283	-0.902058	0.343511	0.055254	-0.194458	0.248646	0.197394	-0.546831	1.000000	0.286030	0.008280	-0.054885	0.073432	-0.060435	-0.243621	0.764850	
0.075283	-0.141472	-0.329563	0.198895	-0.012436	0.012197	0.000341	-0.000677	-0.112541	0.286030	1.000000	0.295518	0.302060	-0.890599	0.014121	-0.035128	0.029465	
0.148273	0.168623	-0.006720	-0.065353	0.116751	-0.148702	0.065215	0.027961	-0.034302	0.008280	0.295518	1.000000	-0.773900	-0.127853	0.116874	-0.109104	-0.027949	
-0.161126	-0.201635	0.050927	0.054429	-0.130477	0.171234	-0.081881	-0.023382	0.047836	-0.054885	0.302060	-0.773900	1.000000	-0.519316	-0.102818	0.180301	-0.192164	
-0.000251	0.069797	-0.068234	0.016105	0.019783	-0.033103	0.025678	-0.019677	-0.009377	0.073432	-0.890599	-0.127853	-0.519316	1.000000	-0.006229	-0.121444	0.341584	
0.229248	-0.171869	0.040215	-0.039394	0.015033	-0.029447	0.019636	0.123292	-0.098123	-0.060435	0.014121	0.116874	-0.102818	-0.006229	1.000000	-0.906212	0.254696	
-0.269442	0.180425	0.290737	-0.134694	-0.031406	0.058266	-0.044784	-0.089523	0.185143	-0.243621	-0.035128	-0.109104	0.180301	-0.121444	-0.906212	1.000000	-0.605238	
0.016273	0.005940	-0.827546	0.442114	0.016213	-0.042770	0.054877	-0.127284	-0.177436	0.764850	0.029465	-0.027949	-0.192164	0.341584	0.254696	-0.605238	1.000000	

Time taken for mcmc chain: 59.716667 minutes
