Number of steps: 5258571
Number of accepted steps: 1450000
Burn-in number of steps: 10000
Accepted fraction of steps: 0.275740
Convergence Status
R[0]= 1.000252	R[1]= 1.000583	R[2]= 1.000886	R[3]= 1.000758	R[4]= 1.000209	R[5]= 1.000394	R[6]= 1.000385	R[7]= 1.000263	R[8]= 1.000396	R[9]= 1.000676	R[10]= 1.000048	R[11]= 1.000274	R[12]= 1.000237	R[13]= 1.000337	R[14]= 1.000753	R[15]= 1.000452	R[16]= 1.000751	
<R>= 1.000450

Mean parameters
A[0]= 1.080797 pm 0.042280
A[1]= 0.982812 pm 0.022964
A[2]= 0.397603 pm 0.213914
A[3]= 4.452480 pm 0.827747
A[4]= 1452.776185 pm 3075.431096
A[5]= -244.095397 pm 911.494936
A[6]= 246.084440 pm 226.011023
A[7]= -6976.437209 pm 6539.465608
A[8]= 1219.009192 pm 1947.753545
A[9]= -247.690607 pm 396.128641
A[10]= 5.590337 pm 1.105375
A[11]= 8229.385267 pm 4699.009184
A[12]= -910.490355 pm 1380.127549
A[13]= -104.467768 pm 357.713622
A[14]= 13096.939986 pm 5628.807162
A[15]= -3963.835748 pm 1996.674760
A[16]= -55.078760 pm 546.520258

Best-fitting parameters
A[0]= 1.069197
A[1]= 0.988439
A[2]= 0.406447
A[3]= 4.402185
A[4]= 2500.665000
A[5]= -457.397700
A[6]= 243.264900
A[7]= -6315.197000
A[8]= 1019.881000
A[9]= -248.369600
A[10]= 6.082236
A[11]= 6881.962000
A[12]= 58.622650
A[13]= -367.345500
A[14]= 19720.910000
A[15]= -5397.306000
A[16]= -86.571570
chi2_min= 32.925730


Cross-Covariance parameters
1.000000	-0.409278	-0.259896	0.131319	0.144941	-0.201166	0.092392	0.313819	-0.419845	0.217643	0.099534	0.081726	-0.153303	0.097467	0.147876	-0.290448	0.160853	
-0.409278	1.000000	0.191102	-0.232885	0.180945	-0.213611	0.069809	-0.188958	0.239306	-0.105888	-0.231611	0.193741	-0.222587	0.076570	-0.095885	0.152970	-0.060742	
-0.259896	0.191102	1.000000	-0.693511	-0.044516	0.013420	0.027917	0.086422	0.394721	-0.895746	-0.529033	0.036527	0.043937	-0.118149	0.077280	0.553551	-0.881539	
0.131319	-0.232885	-0.693511	1.000000	0.175362	0.309774	-0.708452	-0.011664	-0.219820	0.423905	0.390507	-0.063169	0.017484	0.062886	-0.057174	-0.375000	0.606761	
0.144941	0.180945	-0.044516	0.175362	1.000000	-0.769446	-0.031117	0.190677	-0.173828	0.020736	-0.024949	0.075234	-0.104260	0.050427	0.011304	-0.049437	0.052149	
-0.201166	-0.213611	0.013420	0.309774	-0.769446	1.000000	-0.605664	-0.156044	0.230694	-0.193943	0.053829	-0.095695	0.132429	-0.063054	-0.020735	0.045960	-0.029116	
0.092392	0.069809	0.027917	-0.708452	-0.031117	-0.605664	1.000000	-0.013010	-0.127893	0.283980	-0.039027	0.037554	-0.053553	0.026749	0.013650	-0.007532	-0.014683	
0.313819	-0.188958	0.086422	-0.011664	0.190677	-0.156044	-0.013010	1.000000	-0.851326	0.115502	-0.050407	0.010073	-0.019037	0.005649	0.067892	-0.001660	-0.109186	
-0.419845	0.239306	0.394721	-0.219820	-0.173828	0.230694	-0.127893	-0.851326	1.000000	-0.605790	-0.198621	-0.000082	0.052633	-0.071529	-0.023323	0.268133	-0.325466	
0.217643	-0.105888	-0.895746	0.423905	0.020736	-0.193943	0.283980	0.115502	-0.605790	1.000000	0.461636	-0.020523	-0.063287	0.125519	-0.080111	-0.499304	0.808212	
0.099534	-0.231611	-0.529033	0.390507	-0.024949	0.053829	-0.039027	-0.050407	-0.198621	0.461636	1.000000	0.167189	0.356396	-0.749070	-0.012938	-0.131025	0.176734	
0.081726	0.193741	0.036527	-0.063169	0.075234	-0.095695	0.037554	0.010073	-0.000082	-0.020523	0.167189	1.000000	-0.750912	-0.055265	0.099692	-0.029437	-0.088613	
-0.153303	-0.222587	0.043937	0.017484	-0.104260	0.132429	-0.053553	-0.019037	0.052633	-0.063287	0.356396	-0.750912	1.000000	-0.609089	-0.073848	0.223560	-0.232442	
0.097467	0.076570	-0.118149	0.062886	0.050427	-0.063054	0.026749	0.005649	-0.071529	0.125519	-0.749070	-0.055265	-0.609089	1.000000	-0.017285	-0.298172	0.469557	
0.147876	-0.095885	0.077280	-0.057174	0.011304	-0.020735	0.013650	0.067892	-0.023323	-0.080111	-0.012938	0.099692	-0.073848	-0.017285	1.000000	-0.703299	0.061384	
-0.290448	0.152970	0.553551	-0.375000	-0.049437	0.045960	-0.007532	-0.001660	0.268133	-0.499304	-0.131025	-0.029437	0.223560	-0.298172	-0.703299	1.000000	-0.729157	
0.160853	-0.060742	-0.881539	0.606761	0.052149	-0.029116	-0.014683	-0.109186	-0.325466	0.808212	0.176734	-0.088613	-0.232442	0.469557	0.061384	-0.729157	1.000000	

Time taken for mcmc chain: 1.666944 hours
