Number of steps: 4806690
Number of accepted steps: 1480000
Burn-in number of steps: 10000
Accepted fraction of steps: 0.307904
Convergence Status
R[0]= 1.000291	R[1]= 1.000365	R[2]= 1.000829	R[3]= 1.000669	R[4]= 1.000676	R[5]= 1.000342	R[6]= 1.000425	R[7]= 1.000387	R[8]= 1.000416	R[9]= 1.000292	R[10]= 1.000867	R[11]= 1.000075	R[12]= 1.000349	R[13]= 1.000476	R[14]= 1.000032	R[15]= 1.000029	R[16]= 1.000319	
<R>= 1.000402

Mean parameters
A[0]= 1.040944 pm 0.044796
A[1]= 0.979514 pm 0.020439
A[2]= 0.287510 pm 0.193861
A[3]= 4.383519 pm 0.831263
A[4]= 5091.910641 pm 3014.348830
A[5]= -1462.379420 pm 904.597763
A[6]= 463.723811 pm 229.876447
A[7]= 7564.162662 pm 6356.240825
A[8]= -3407.319541 pm 1886.530617
A[9]= 335.482348 pm 346.189110
A[10]= 5.821298 pm 1.172504
A[11]= -118.013150 pm 4737.603776
A[12]= 1178.509616 pm 1457.900505
A[13]= -159.950721 pm 379.150220
A[14]= -7575.027638 pm 8062.129732
A[15]= 672.754123 pm 2460.155125
A[16]= -66.904327 pm 514.460040

Best-fitting parameters
A[0]= 1.019366
A[1]= 0.990927
A[2]= 0.205962
A[3]= 4.527812
A[4]= 5248.723000
A[5]= -1589.685000
A[6]= 484.155900
A[7]= 2833.233000
A[8]= -2509.850000
A[9]= 429.460100
A[10]= 5.934403
A[11]= 1085.708000
A[12]= 817.175800
A[13]= -103.794600
A[14]= -9347.724000
A[15]= 644.449400
A[16]= 159.612500
chi2_min= 74.430420


Cross-Covariance parameters
1.000000	-0.410863	-0.194229	0.018330	0.142814	-0.225601	0.128658	0.302619	-0.363303	0.141108	0.111903	0.142196	-0.139531	0.007211	0.228054	-0.285611	0.084156	
-0.410863	1.000000	0.074035	-0.012323	0.178090	-0.098511	-0.093430	-0.187643	0.202495	-0.042606	-0.305726	0.099935	-0.248623	0.244729	-0.167066	0.132728	0.067699	
-0.194229	0.074035	1.000000	-0.636745	-0.068392	0.022253	0.051033	0.064504	0.367504	-0.890806	-0.414411	-0.003106	0.117597	-0.175673	0.069453	0.418566	-0.887654	
0.018330	-0.012323	-0.636745	1.000000	0.198562	0.344710	-0.773314	-0.054210	-0.140409	0.389152	0.259459	-0.013800	-0.063538	0.117653	-0.073509	-0.242864	0.576187	
0.142814	0.178090	-0.068392	0.198562	1.000000	-0.754177	-0.031265	0.167146	-0.167827	0.052916	-0.041368	0.067249	-0.111825	0.077018	0.012132	-0.054567	0.075233	
-0.225601	-0.098511	0.022253	0.344710	-0.754177	1.000000	-0.624588	-0.182665	0.246806	-0.190669	0.041654	-0.071084	0.100324	-0.052790	-0.044556	0.058016	-0.021643	
0.128658	-0.093430	0.051033	-0.773314	-0.031265	-0.624588	1.000000	0.060666	-0.155671	0.223792	-0.001950	0.010739	0.005191	-0.024953	0.047272	-0.014137	-0.060863	
0.302619	-0.187643	0.064504	-0.054210	0.167146	-0.182665	0.060666	1.000000	-0.878444	0.191229	0.000189	0.027797	-0.005120	-0.036279	0.096352	-0.047785	-0.091736	
-0.363303	0.202495	0.367504	-0.140409	-0.167827	0.246806	-0.155671	-0.878444	1.000000	-0.622214	-0.176567	-0.027320	0.057096	-0.043988	-0.059646	0.224431	-0.296651	
0.141108	-0.042606	-0.890806	0.389152	0.052916	-0.190669	0.223792	0.191229	-0.622214	1.000000	0.361315	-0.004057	-0.107194	0.168174	-0.067999	-0.371339	0.801105	
0.111903	-0.305726	-0.414411	0.259459	-0.041368	0.041654	-0.001950	0.000189	-0.176567	0.361315	1.000000	0.165750	0.399667	-0.795578	0.025859	-0.088255	0.105871	
0.142196	0.099935	-0.003106	-0.013800	0.067249	-0.071084	0.010739	0.027797	-0.027320	-0.004057	0.165750	1.000000	-0.742435	-0.008439	0.143157	-0.121383	-0.016640	
-0.139531	-0.248623	0.117597	-0.063538	-0.111825	0.100324	0.005191	-0.005120	0.057096	-0.107194	0.399667	-0.742435	1.000000	-0.656042	-0.085411	0.235631	-0.294443	
0.007211	0.244729	-0.175673	0.117653	0.077018	-0.052790	-0.024953	-0.036279	-0.043988	0.168174	-0.795578	-0.008439	-0.656042	1.000000	-0.044417	-0.205557	0.464973	
0.228054	-0.167066	0.069453	-0.073509	0.012132	-0.044556	0.047272	0.096352	-0.059646	-0.067999	0.025859	0.143157	-0.085411	-0.044417	1.000000	-0.834948	0.129137	
-0.285611	0.132728	0.418566	-0.242864	-0.054567	0.058016	-0.014137	-0.047785	0.224431	-0.371339	-0.088255	-0.121383	0.235631	-0.205557	-0.834948	1.000000	-0.634209	
0.084156	0.067699	-0.887654	0.576187	0.075233	-0.021643	-0.060863	-0.091736	-0.296651	0.801105	0.105871	-0.016640	-0.294443	0.464973	0.129137	-0.634209	1.000000	

Time taken for mcmc chain: 1.537778 hours
