Number of steps: 8882203
Number of accepted steps: 1990000
Burn-in number of steps: 10000
Accepted fraction of steps: 0.224044
Convergence Status
R[0]= 1.000937	R[1]= 1.000693	R[2]= 1.000749	R[3]= 1.000814	R[4]= 1.000802	R[5]= 1.000947	R[6]= 1.000349	R[7]= 1.000107	R[8]= 1.000313	R[9]= 1.000506	R[10]= 1.000519	R[11]= 1.000125	R[12]= 1.000182	R[13]= 1.000384	R[14]= 1.000109	R[15]= 1.000320	R[16]= 1.000559	
<R>= 1.000495

Mean parameters
A[0]= 1.151580 pm 0.123979
A[1]= 0.996694 pm 0.039680
A[2]= 0.263609 pm 0.224296
A[3]= 5.331121 pm 1.277795
A[4]= 7671.695093 pm 5066.325631
A[5]= -2012.947774 pm 1523.165272
A[6]= 341.624904 pm 378.617740
A[7]= -5996.317503 pm 9150.267627
A[8]= 136.464655 pm 2738.015517
A[9]= -42.961846 pm 481.709370
A[10]= 2.850378 pm 1.453744
A[11]= -2805.744933 pm 6951.109885
A[12]= -761.212170 pm 2025.257368
A[13]= 951.855069 pm 506.500991
A[14]= 6361.790841 pm 9485.971766
A[15]= -3061.291008 pm 2789.792017
A[16]= 379.780440 pm 390.970559

Best-fitting parameters
A[0]= 1.199925
A[1]= 0.992668
A[2]= 0.027154
A[3]= 5.765930
A[4]= 7185.301000
A[5]= -1991.600000
A[6]= 393.103700
A[7]= -14361.680000
A[8]= 1118.487000
A[9]= 297.989100
A[10]= 2.774780
A[11]= -1545.751000
A[12]= -1519.310000
A[13]= 1115.351000
A[14]= 14362.680000
A[15]= -6176.617000
A[16]= 838.413800
chi2_min= 53.682270


Cross-Covariance parameters
1.000000	-0.411767	-0.214023	0.022215	0.306235	-0.379336	0.106534	0.410903	-0.477019	0.012324	-0.144961	0.079754	-0.219390	0.200679	0.148452	-0.220845	0.068821	
-0.411767	1.000000	0.117035	-0.141394	0.157499	-0.154174	0.026324	-0.245792	0.258691	0.034694	-0.051832	0.072047	-0.059504	-0.005785	-0.089640	0.103760	0.031099	
-0.214023	0.117035	1.000000	-0.548443	-0.099717	0.061976	0.042556	0.044099	0.354959	-0.844607	-0.207498	-0.019251	0.045837	-0.043530	0.005568	0.220200	-0.619348	
0.022215	-0.141394	-0.548443	1.000000	0.220102	0.335351	-0.827230	0.039904	-0.159173	0.249579	0.160640	-0.008046	0.022667	-0.021262	-0.010086	-0.105890	0.328521	
0.306235	0.157499	-0.099717	0.220102	1.000000	-0.773243	-0.065567	0.221356	-0.233298	0.008399	-0.066164	0.064723	-0.118983	0.081383	0.037336	-0.070358	0.059215	
-0.379336	-0.154174	0.061976	0.335351	-0.773243	1.000000	-0.569502	-0.180058	0.267008	-0.163899	0.104605	-0.069483	0.145965	-0.114652	-0.045675	0.078006	-0.046050	
0.106534	0.026324	0.042556	-0.827230	-0.065567	-0.569502	1.000000	-0.041834	-0.077187	0.258362	-0.056318	0.011016	-0.044792	0.050912	0.010220	-0.011923	-0.009635	
0.410903	-0.245792	0.044099	0.039904	0.221356	-0.180058	-0.041834	1.000000	-0.886032	0.090045	-0.087255	0.017540	-0.075726	0.080571	0.067492	-0.069367	-0.056712	
-0.477019	0.258691	0.354959	-0.159173	-0.233298	0.267008	-0.077187	-0.886032	1.000000	-0.504161	0.004411	-0.023935	0.093940	-0.099804	-0.058252	0.153334	-0.201383	
0.012324	0.034694	-0.844607	0.249579	0.008399	-0.163899	0.258362	0.090045	-0.504161	1.000000	0.194525	0.001533	-0.012240	0.020589	-0.041773	-0.153605	0.559337	
-0.144961	-0.051832	-0.207498	0.160640	-0.066164	0.104605	-0.056318	-0.087255	0.004411	0.194525	1.000000	0.247083	0.373377	-0.929446	0.036477	0.049548	-0.298896	
0.079754	0.072047	-0.019251	-0.008046	0.064723	-0.069483	0.011016	0.017540	-0.023935	0.001533	0.247083	1.000000	-0.774468	-0.042462	0.123884	-0.104080	-0.067921	
-0.219390	-0.059504	0.045837	0.022667	-0.118983	0.145965	-0.044792	-0.075726	0.093940	-0.012240	0.373377	-0.774468	1.000000	-0.589375	-0.097402	0.188183	-0.263620	
0.200679	-0.005785	-0.043530	-0.021262	0.081383	-0.114652	0.050912	0.080571	-0.099804	0.020589	-0.929446	-0.042462	-0.589375	1.000000	-0.014430	-0.150411	0.511601	
0.148452	-0.089640	0.005568	-0.010086	0.037336	-0.045675	0.010220	0.067492	-0.058252	-0.041773	0.036477	0.123884	-0.097402	-0.014430	1.000000	-0.916054	0.329607	
-0.220845	0.103760	0.220200	-0.105890	-0.070358	0.078006	-0.011923	-0.069367	0.153334	-0.153605	0.049548	-0.104080	0.188183	-0.150411	-0.916054	1.000000	-0.633028	
0.068821	0.031099	-0.619348	0.328521	0.059215	-0.046050	-0.009635	-0.056712	-0.201383	0.559337	-0.298896	-0.067921	-0.263620	0.511601	0.329607	-0.633028	1.000000	

Time taken for mcmc chain: 2.872778 hours
