Number of steps: 18683833
Number of accepted steps: 2000000
Burn-in number of steps: 10000
Accepted fraction of steps: 0.107044
Convergence Status
R[0]= 1.001541	R[1]= 1.000747	R[2]= 1.016157	R[3]= 1.007060	R[4]= 1.001787	R[5]= 1.000529	R[6]= 1.000958	R[7]= 1.000248	R[8]= 1.001606	R[9]= 1.003315	R[10]= 1.002146	R[11]= 1.000649	R[12]= 1.000567	R[13]= 1.000074	R[14]= 1.000065	R[15]= 1.001376	R[16]= 1.004685	
<R>= 1.002559

Mean parameters
A[0]= 0.965870 pm 0.069793
A[1]= 1.063378 pm 0.039325
A[2]= 0.705164 pm 0.437234
A[3]= 5.476507 pm 1.494165
A[4]= 2106.598745 pm 5195.204681
A[5]= 1202.732830 pm 1718.883377
A[6]= -424.237991 pm 426.971244
A[7]= 4607.258511 pm 9381.287263
A[8]= 173.665014 pm 3596.198732
A[9]= -765.526784 pm 926.746812
A[10]= 2.426104 pm 1.286816
A[11]= 7338.659480 pm 6425.826650
A[12]= -3710.221519 pm 1977.848744
A[13]= 1129.107705 pm 538.290030
A[14]= 2080.681880 pm 10265.000407
A[15]= -2157.964515 pm 3291.561697
A[16]= 232.805417 pm 583.246311

Best-fitting parameters
A[0]= 1.012694
A[1]= 1.050273
A[2]= 0.672578
A[3]= 6.083932
A[4]= 4413.327000
A[5]= 1304.239000
A[6]= -726.427300
A[7]= 14285.930000
A[8]= -1485.150000
A[9]= -1068.688000
A[10]= 2.654810
A[11]= 10641.790000
A[12]= -4292.522000
A[13]= 1042.000000
A[14]= 6352.836000
A[15]= -3425.755000
A[16]= 178.022500
chi2_min= 70.045590


Cross-Covariance parameters
1.000000	-0.421483	-0.366283	0.222093	0.323116	-0.427751	0.222057	0.406706	-0.534654	0.287508	0.102820	0.082541	-0.153334	0.094398	0.121005	-0.236543	0.213059	
-0.421483	1.000000	0.226477	-0.311071	0.141240	-0.151009	0.059493	-0.260442	0.288747	-0.113869	-0.046432	0.088145	0.001973	-0.109829	-0.080097	0.159259	-0.159356	
-0.366283	0.226477	1.000000	-0.786127	-0.232469	0.267286	-0.115247	-0.012104	0.608319	-0.874710	-0.440351	-0.094883	0.090364	-0.006749	-0.000527	0.283328	-0.596186	
0.222093	-0.311071	-0.786127	1.000000	0.253283	0.082227	-0.447254	-0.026205	-0.356575	0.552882	0.357270	0.043403	-0.045466	0.009307	-0.000164	-0.227990	0.486470	
0.323116	0.141240	-0.232469	0.253283	1.000000	-0.760095	0.038682	0.165835	-0.237059	0.162176	0.097806	0.085599	-0.083692	0.004316	0.022583	-0.090604	0.130330	
-0.427751	-0.151009	0.267286	0.082227	-0.760095	1.000000	-0.669976	-0.213726	0.458441	-0.426130	-0.117283	-0.099826	0.108574	-0.019082	-0.029603	0.121747	-0.177244	
0.222057	0.059493	-0.115247	-0.447254	0.038682	-0.669976	1.000000	0.119719	-0.405255	0.453658	0.057509	0.043351	-0.057962	0.022624	0.013456	-0.069510	0.109315	
0.406706	-0.260442	-0.012104	-0.026205	0.165835	-0.213726	0.119719	1.000000	-0.726853	0.120788	-0.033861	0.008799	-0.055313	0.059464	0.063165	-0.073147	0.007481	
-0.534654	0.288747	0.608319	-0.356575	-0.237059	0.458441	-0.405255	-0.726853	1.000000	-0.758102	-0.257015	-0.067617	0.101590	-0.050571	-0.044225	0.236580	-0.395261	
0.287508	-0.113869	-0.874710	0.552882	0.162176	-0.426130	0.453658	0.120788	-0.758102	1.000000	0.415548	0.086140	-0.081494	0.004456	-0.011429	-0.258572	0.571226	
0.102820	-0.046432	-0.440351	0.357270	0.097806	-0.117283	0.057509	-0.033861	-0.257015	0.415548	1.000000	0.253099	0.369633	-0.838588	-0.055135	0.143153	-0.205869	
0.082541	0.088145	-0.094883	0.043403	0.085599	-0.099826	0.043351	0.008799	-0.067617	0.086140	0.253099	1.000000	-0.720182	-0.050565	0.094069	-0.057078	-0.041056	
-0.153334	0.001973	0.090364	-0.045466	-0.083692	0.108574	-0.057962	-0.055313	0.101590	-0.081494	0.369633	-0.720182	1.000000	-0.647817	-0.136196	0.310945	-0.412103	
0.094398	-0.109829	-0.006749	0.009307	0.004316	-0.019082	0.022624	0.059464	-0.050571	0.004456	-0.838588	-0.050565	-0.647817	1.000000	0.090194	-0.376895	0.634085	
0.121005	-0.080097	-0.000527	-0.000164	0.022583	-0.029603	0.013456	0.063165	-0.044225	-0.011429	-0.055135	0.094069	-0.136196	0.090194	1.000000	-0.868320	0.317467	
-0.236543	0.159259	0.283328	-0.227990	-0.090604	0.121747	-0.069510	-0.073147	0.236580	-0.258572	0.143153	-0.057078	0.310945	-0.376895	-0.868320	1.000000	-0.724730	
0.213059	-0.159356	-0.596186	0.486470	0.130330	-0.177244	0.109315	0.007481	-0.395261	0.571226	-0.205869	-0.041056	-0.412103	0.634085	0.317467	-0.724730	1.000000	

Time taken for mcmc chain: 5.657222 hours
