Number of steps: 6451522
Number of accepted steps: 1260000
Burn-in number of steps: 10000
Accepted fraction of steps: 0.195303
Convergence Status
R[0]= 1.000589	R[1]= 1.000147	R[2]= 1.000779	R[3]= 1.000624	R[4]= 1.000491	R[5]= 1.000652	R[6]= 1.000617	R[7]= 1.000136	R[8]= 1.000158	R[9]= 1.000707	R[10]= 1.000843	R[11]= 1.000397	R[12]= 1.000419	R[13]= 1.000771	R[14]= 1.000205	R[15]= 1.000261	R[16]= 1.000512	
<R>= 1.000489

Mean parameters
A[0]= 1.020277 pm 0.075061
A[1]= 1.029100 pm 0.033502
A[2]= 0.610641 pm 0.300065
A[3]= 3.564349 pm 0.811829
A[4]= 4269.659995 pm 3261.658570
A[5]= -1129.701782 pm 971.933916
A[6]= 389.648351 pm 225.520240
A[7]= 2617.503875 pm 7528.024483
A[8]= -1020.888723 pm 2403.633547
A[9]= -156.565502 pm 449.536772
A[10]= 4.301890 pm 1.026252
A[11]= 261.901311 pm 4976.473326
A[12]= 605.935557 pm 1487.476800
A[13]= -0.839867 pm 375.344746
A[14]= 482.136278 pm 9472.194351
A[15]= 716.845466 pm 3107.949853
A[16]= -538.871241 pm 619.389362

Best-fitting parameters
A[0]= 1.006712
A[1]= 1.014455
A[2]= 0.641049
A[3]= 3.493968
A[4]= 3288.332000
A[5]= -819.041500
A[6]= 366.457900
A[7]= 2407.605000
A[8]= -538.792300
A[9]= -296.293700
A[10]= 4.104730
A[11]= 301.743900
A[12]= 474.564500
A[13]= 60.971110
A[14]= 4233.342000
A[15]= -529.135500
A[16]= -471.399300
chi2_min= 48.889940


Cross-Covariance parameters
1.000000	-0.512528	-0.401828	0.287485	0.295648	-0.357220	0.110211	0.490007	-0.602395	0.322689	0.062468	0.144433	-0.358907	0.320196	0.368063	-0.529720	0.361287	
-0.512528	1.000000	0.298933	-0.334610	0.098973	-0.118259	0.060888	-0.344521	0.389459	-0.177502	-0.215760	0.157582	-0.071024	-0.085613	-0.268764	0.348519	-0.206646	
-0.401828	0.298933	1.000000	-0.768531	-0.154953	0.159890	-0.026563	-0.062294	0.490225	-0.878459	-0.570851	-0.054989	0.201161	-0.224766	-0.023269	0.477086	-0.859007	
0.287485	-0.334610	-0.768531	1.000000	0.237395	0.138340	-0.579531	0.054841	-0.289772	0.481100	0.467786	0.001240	-0.104825	0.152463	0.025891	-0.370783	0.657100	
0.295648	0.098973	-0.154953	0.237395	1.000000	-0.796061	-0.011428	0.230635	-0.244327	0.099206	0.002048	0.135099	-0.209639	0.128555	0.081936	-0.158168	0.153183	
-0.357220	-0.118259	0.159890	0.138340	-0.796061	1.000000	-0.585482	-0.253326	0.372543	-0.321553	0.018335	-0.156819	0.250395	-0.159750	-0.097043	0.180362	-0.167528	
0.110211	0.060888	-0.026563	-0.579531	-0.011428	-0.585482	1.000000	0.070060	-0.241301	0.379149	-0.027552	0.049763	-0.084797	0.059135	0.023371	-0.044462	0.041434	
0.490007	-0.344521	-0.062294	0.054841	0.230635	-0.253326	0.070060	1.000000	-0.869418	0.216984	-0.031776	0.048707	-0.134652	0.123752	0.228289	-0.234576	0.050884	
-0.602395	0.389459	0.490225	-0.289772	-0.244327	0.372543	-0.241301	-0.869418	1.000000	-0.657307	-0.213526	-0.074664	0.219644	-0.217308	-0.200069	0.410196	-0.429868	
0.322689	-0.177502	-0.878459	0.481100	0.099206	-0.321553	0.379149	0.216984	-0.657307	1.000000	0.497295	0.057519	-0.190471	0.208125	-0.007859	-0.404109	0.775050	
0.062468	-0.215760	-0.570851	0.467786	0.002048	0.018335	-0.027552	-0.031776	-0.213526	0.497295	1.000000	0.209942	0.233577	-0.634104	-0.030424	-0.080482	0.194544	
0.144433	0.157582	-0.054989	0.001240	0.135099	-0.156819	0.049763	0.048707	-0.074664	0.057519	0.209942	1.000000	-0.755526	-0.039907	0.150511	-0.118716	-0.015518	
-0.358907	-0.071024	0.201161	-0.104825	-0.209639	0.250395	-0.084797	-0.134652	0.219644	-0.190471	0.233577	-0.755526	1.000000	-0.615734	-0.202506	0.370343	-0.372457	
0.320196	-0.085613	-0.224766	0.152463	0.128555	-0.159750	0.059135	0.123752	-0.217308	0.208125	-0.634104	-0.039907	-0.615734	1.000000	0.108732	-0.399626	0.582273	
0.368063	-0.268764	-0.023269	0.025891	0.081936	-0.097043	0.023371	0.228289	-0.200069	-0.007859	-0.030424	0.150511	-0.202506	0.108732	1.000000	-0.843706	0.216892	
-0.529720	0.348519	0.477086	-0.370783	-0.158168	0.180362	-0.044462	-0.234576	0.410196	-0.404109	-0.080482	-0.118716	0.370343	-0.399626	-0.843706	1.000000	-0.691284	
0.361287	-0.206646	-0.859007	0.657100	0.153183	-0.167528	0.041434	0.050884	-0.429868	0.775050	0.194544	-0.015518	-0.372457	0.582273	0.216892	-0.691284	1.000000	

Time taken for mcmc chain: 1.970000 hours
