Number of steps: 5228072
Number of accepted steps: 1169000
Burn-in number of steps: 60000
Accepted fraction of steps: 0.223601
Convergence Status
R[0]= 1.000478	R[1]= 1.000380	R[2]= 1.009020	R[3]= 1.000384	R[4]= 1.003072	R[5]= 1.005429	R[6]= 1.000968	R[7]= 1.004205	R[8]= 1.005886	R[9]= 1.002229	R[10]= 1.001290	R[11]= 1.002809	R[12]= 1.002632	R[13]= 1.000569	R[14]= 1.001608	R[15]= 1.003677	R[16]= 1.000399	
<R>= 1.002649

Mean parameters
A[0]= 0.986586 pm 0.021117
A[1]= 1.014936 pm 0.014740
A[2]= 0.197600 pm 0.127096
A[3]= 4.732414 pm 0.485403
A[4]= 4682.674832 pm 3237.469938
A[5]= -1454.262508 pm 1103.861187
A[6]= 103.945268 pm 149.509718
A[7]= 4282.616967 pm 6238.730213
A[8]= -2027.700960 pm 2089.876239
A[9]= -44.072109 pm 96.811635
A[10]= 4.874771 pm 0.761248
A[11]= 4193.840682 pm 4197.919565
A[12]= -991.982700 pm 1333.361768
A[13]= -12.542101 pm 230.957749
A[14]= -12139.898684 pm 5778.698940
A[15]= 2266.800346 pm 1866.779044
A[16]= -317.297315 pm 106.783712

Best-fitting parameters
A[0]= 0.988179
A[1]= 1.018036
A[2]= 0.120938
A[3]= 4.751994
A[4]= 3012.873000
A[5]= -795.954300
A[6]= 71.565500
A[7]= 5795.492000
A[8]= -2026.440000
A[9]= -12.825150
A[10]= 5.318182
A[11]= 3353.363000
A[12]= -204.333400
A[13]= -172.508000
A[14]= -17562.230000
A[15]= 4073.735000
A[16]= -400.395700
chi2_min= 44.922530


Cross-Covariance parameters
1.000000	-0.437188	-0.176876	-0.076443	-0.109088	0.115016	0.024423	0.088004	-0.007753	-0.166850	0.104859	-0.039881	0.118366	-0.129205	0.046176	0.015986	-0.183599	
-0.437188	1.000000	0.097054	0.002069	0.290593	-0.251106	0.021270	-0.129159	0.056449	0.132479	-0.140191	0.192414	-0.229788	0.143213	-0.088637	0.042958	0.137448	
-0.176876	0.097054	1.000000	-0.158534	0.629008	-0.800700	0.313237	0.603957	-0.762293	0.486120	-0.241518	0.450888	-0.690308	0.336087	0.321304	-0.571690	0.149879	
-0.076443	0.002069	-0.158534	1.000000	0.116063	0.244006	-0.952805	-0.025348	0.026251	0.006142	0.040272	-0.076733	0.113388	-0.052698	-0.066961	0.102948	-0.011942	
-0.109088	0.290593	0.629008	0.116063	1.000000	-0.910172	0.159008	0.350721	-0.472374	0.312912	-0.179787	0.329611	-0.481077	0.236481	0.176307	-0.338977	0.107584	
0.115016	-0.251106	-0.800700	0.244006	-0.910172	1.000000	-0.493967	-0.439668	0.576931	-0.368855	0.216115	-0.397704	0.590001	-0.289050	-0.241853	0.445273	-0.128083	
0.024423	0.021270	0.313237	-0.952805	0.159008	-0.493967	1.000000	0.109732	-0.140114	0.061837	-0.080038	0.144553	-0.219715	0.107363	0.113042	-0.188602	0.038831	
0.088004	-0.129159	0.603957	-0.025348	0.350721	-0.439668	0.109732	1.000000	-0.967090	0.868947	-0.122661	0.260767	-0.398450	0.179510	0.224602	-0.371097	0.053056	
-0.007753	0.056449	-0.762293	0.026251	-0.472374	0.576931	-0.140114	-0.967090	1.000000	-0.874165	0.168293	-0.336517	0.514190	-0.240128	-0.266792	0.454528	-0.088136	
-0.166850	0.132479	0.486120	0.006142	0.312912	-0.368855	0.061837	0.868947	-0.874165	1.000000	-0.128331	0.226818	-0.346346	0.174283	0.143849	-0.269246	0.093180	
0.104859	-0.140191	-0.241518	0.040272	-0.179787	0.216115	-0.080038	-0.122661	0.168293	-0.128331	1.000000	0.175627	0.292721	-0.962483	-0.005823	0.010441	-0.007023	
-0.039881	0.192414	0.450888	-0.076733	0.329611	-0.397704	0.144553	0.260767	-0.336517	0.226818	0.175627	1.000000	-0.863581	0.066844	0.109694	-0.249977	0.030182	
0.118366	-0.229788	-0.690308	0.113388	-0.481077	0.590001	-0.219715	-0.398450	0.514190	-0.346346	0.292721	-0.863581	1.000000	-0.513760	-0.166661	0.341689	-0.060396	
-0.129205	0.143213	0.336087	-0.052698	0.236481	-0.289050	0.107363	0.179510	-0.240128	0.174283	-0.962483	0.066844	-0.513760	1.000000	0.026241	-0.059594	0.005497	
0.046176	-0.088637	0.321304	-0.066961	0.176307	-0.241853	0.113042	0.224602	-0.266792	0.143849	-0.005823	0.109694	-0.166661	0.026241	1.000000	-0.932782	0.783456	
0.015986	0.042958	-0.571690	0.102948	-0.338977	0.445273	-0.188602	-0.371097	0.454528	-0.269246	0.010441	-0.249977	0.341689	-0.059594	-0.932782	1.000000	-0.803784	
-0.183599	0.137448	0.149879	-0.011942	0.107584	-0.128083	0.038831	0.053056	-0.088136	0.093180	-0.007023	0.030182	-0.060396	0.005497	0.783456	-0.803784	1.000000	

Time taken for mcmc chain: 55.550000 minutes
