Number of steps: 8664320
Number of accepted steps: 2000004
Burn-in number of steps: 60000
Accepted fraction of steps: 0.230832
Convergence Status
R[0]= 1.001042	R[1]= 1.001093	R[2]= 1.011874	R[3]= 1.000964	R[4]= 1.005082	R[5]= 1.007164	R[6]= 1.001444	R[7]= 1.005182	R[8]= 1.007531	R[9]= 1.002141	R[10]= 1.002080	R[11]= 1.001424	R[12]= 1.001364	R[13]= 1.001785	R[14]= 1.000790	R[15]= 1.002009	R[16]= 1.000362	
<R>= 1.003137

Mean parameters
A[0]= 0.935793 pm 0.026667
A[1]= 1.034495 pm 0.017360
A[2]= 0.169848 pm 0.132532
A[3]= 4.345918 pm 0.506479
A[4]= 962.666561 pm 3287.543455
A[5]= -783.278000 pm 1125.501821
A[6]= 186.037047 pm 155.490133
A[7]= 3770.056129 pm 6310.683812
A[8]= -1790.817443 pm 2052.029507
A[9]= 29.406321 pm 95.422722
A[10]= 2.749703 pm 0.762850
A[11]= 2564.117398 pm 3956.463033
A[12]= -1840.230530 pm 1109.222389
A[13]= 619.002940 pm 224.800524
A[14]= -6893.078509 pm 7290.269525
A[15]= 2171.738289 pm 2111.855461
A[16]= -322.003369 pm 127.320808

Best-fitting parameters
A[0]= 0.946290
A[1]= 1.035994
A[2]= 0.063430
A[3]= 4.447212
A[4]= -464.614900
A[5]= -112.070100
A[6]= 134.374700
A[7]= -1064.367000
A[8]= -130.416400
A[9]= -28.315240
A[10]= 3.012920
A[11]= 1442.687000
A[12]= -1204.534000
A[13]= 517.622500
A[14]= -16242.250000
A[15]= 5118.076000
A[16]= -489.508600
chi2_min= 55.577980


Cross-Covariance parameters
1.000000	-0.457113	-0.048143	-0.145799	-0.064665	0.019283	0.091862	0.115761	-0.075369	-0.212775	0.099999	0.019787	0.038189	-0.114736	0.039079	-0.037519	-0.094211	
-0.457113	1.000000	0.054167	0.025470	0.281416	-0.221276	0.002576	-0.170771	0.111163	0.129147	-0.077593	0.121807	-0.154568	0.083514	-0.068386	0.055132	0.061284	
-0.048143	0.054167	1.000000	-0.214620	0.636168	-0.803687	0.356929	0.618502	-0.755703	0.420915	-0.075433	0.336190	-0.510262	0.140241	0.293623	-0.422323	0.155104	
-0.145799	0.025470	-0.214620	1.000000	0.074942	0.299542	-0.956252	-0.117031	0.113204	0.042250	0.003646	-0.085233	0.116844	-0.017454	-0.062573	0.091090	-0.013429	
-0.064665	0.281416	0.636168	0.074942	1.000000	-0.907630	0.187027	0.342605	-0.454042	0.282806	-0.056432	0.246861	-0.357054	0.096079	0.170560	-0.254773	0.109146	
0.019283	-0.221276	-0.803687	0.299542	-0.907630	1.000000	-0.532314	-0.453712	0.572698	-0.308152	0.063510	-0.298589	0.436503	-0.114258	-0.223759	0.329136	-0.127151	
0.091862	0.002576	0.356929	-0.956252	0.187027	-0.532314	1.000000	0.192032	-0.213061	0.021080	-0.017826	0.130128	-0.188215	0.040930	0.103146	-0.149800	0.041056	
0.115761	-0.170771	0.618502	-0.117031	0.342605	-0.453712	0.192032	1.000000	-0.973044	0.830794	-0.026012	0.193891	-0.292802	0.064978	0.200922	-0.278314	0.079440	
-0.075369	0.111163	-0.755703	0.113204	-0.454042	0.572698	-0.213061	-0.973044	1.000000	-0.832910	0.041032	-0.243840	0.368571	-0.089103	-0.236547	0.332357	-0.105225	
-0.212775	0.129147	0.420915	0.042250	0.282806	-0.308152	0.021080	0.830794	-0.832910	1.000000	-0.048746	0.138445	-0.219921	0.078313	0.112531	-0.165617	0.082064	
0.099999	-0.077593	-0.075433	0.003646	-0.056432	0.063510	-0.017826	-0.026012	0.041032	-0.048746	1.000000	0.308001	0.193695	-0.963875	-0.011635	-0.033840	0.072429	
0.019787	0.121807	0.336190	-0.085233	0.246861	-0.298589	0.130128	0.193891	-0.243840	0.138445	0.308001	1.000000	-0.851855	-0.071837	0.031488	-0.099058	0.005933	
0.038189	-0.154568	-0.510262	0.116844	-0.357054	0.436503	-0.188215	-0.292802	0.368571	-0.219921	0.193695	-0.851855	1.000000	-0.425439	-0.084078	0.147793	0.005038	
-0.114736	0.083514	0.140241	-0.017454	0.096079	-0.114258	0.040930	0.064978	-0.089103	0.078313	-0.963875	-0.071837	-0.425439	1.000000	0.010361	0.024067	-0.083079	
0.039079	-0.068386	0.293623	-0.062573	0.170560	-0.223759	0.103146	0.200922	-0.236547	0.112531	-0.011635	0.031488	-0.084078	0.010361	1.000000	-0.970915	0.864344	
-0.037519	0.055132	-0.422323	0.091090	-0.254773	0.329136	-0.149800	-0.278314	0.332357	-0.165617	-0.033840	-0.099058	0.147793	0.024067	-0.970915	1.000000	-0.905512	
-0.094211	0.061284	0.155104	-0.013429	0.109146	-0.127151	0.041056	0.079440	-0.105225	0.082064	0.072429	0.005933	0.005038	-0.083079	0.864344	-0.905512	1.000000	

Time taken for mcmc chain: 2.359444 hours
