Number of steps: 7927113
Number of accepted steps: 2000004
Burn-in number of steps: 60000
Accepted fraction of steps: 0.252299
Convergence Status
R[0]= 1.000356	R[1]= 1.000104	R[2]= 1.010881	R[3]= 1.000436	R[4]= 1.005463	R[5]= 1.007595	R[6]= 1.001237	R[7]= 1.003166	R[8]= 1.006006	R[9]= 1.002001	R[10]= 1.000400	R[11]= 1.004178	R[12]= 1.007511	R[13]= 1.000879	R[14]= 1.003062	R[15]= 1.005864	R[16]= 1.001834	
<R>= 1.003587

Mean parameters
A[0]= 0.977098 pm 0.022898
A[1]= 1.030554 pm 0.016665
A[2]= 0.361708 pm 0.184119
A[3]= 3.887550 pm 0.493226
A[4]= 8242.886376 pm 3521.380750
A[5]= -3095.017846 pm 1268.826220
A[6]= 375.599940 pm 155.821469
A[7]= 10192.361720 pm 5823.899916
A[8]= -3691.086173 pm 2127.883336
A[9]= -4.791281 pm 91.168190
A[10]= 3.776748 pm 0.737008
A[11]= 4261.022712 pm 4622.351539
A[12]= -1946.387104 pm 1425.614190
A[13]= 303.380087 pm 217.130467
A[14]= -1629.541534 pm 8493.854607
A[15]= -977.452532 pm 2778.915344
A[16]= -165.410962 pm 140.901975

Best-fitting parameters
A[0]= 0.974465
A[1]= 1.030290
A[2]= 0.394926
A[3]= 4.262128
A[4]= 9028.946000
A[5]= -3179.753000
A[6]= 268.573200
A[7]= 13967.840000
A[8]= -4947.692000
A[9]= 48.211710
A[10]= 3.566759
A[11]= 3958.141000
A[12]= -1998.880000
A[13]= 356.383900
A[14]= -1015.646000
A[15]= -1071.385000
A[16]= -167.080800
chi2_min= 47.829530


Cross-Covariance parameters
1.000000	-0.427743	-0.220065	0.023852	-0.165616	0.199486	-0.087619	0.010085	0.072646	-0.199180	-0.004894	-0.132374	0.175532	-0.041530	-0.015468	0.071129	-0.131513	
-0.427743	1.000000	0.104418	0.026449	0.310555	-0.259765	0.014435	-0.081788	0.003103	0.161039	-0.141010	0.176309	-0.222761	0.157321	-0.084868	0.046716	0.053995	
-0.220065	0.104418	1.000000	-0.324505	0.646714	-0.854269	0.496563	0.624374	-0.801193	0.489493	-0.103680	0.507751	-0.733574	0.237710	0.466362	-0.650410	0.350487	
0.023852	0.026449	-0.324505	1.000000	0.099005	0.253046	-0.948339	-0.087188	0.101492	-0.027687	0.037786	-0.153554	0.230498	-0.080246	-0.158726	0.217945	-0.109557	
-0.165616	0.310555	0.646714	0.099005	1.000000	-0.913668	0.196280	0.407904	-0.555767	0.363023	-0.105597	0.363662	-0.515251	0.191501	0.275622	-0.396858	0.229262	
0.199486	-0.259765	-0.854269	0.253046	-0.913668	1.000000	-0.518994	-0.509767	0.677139	-0.421758	0.117712	-0.458536	0.656199	-0.231768	-0.380068	0.538985	-0.300579	
-0.087619	0.014435	0.496563	-0.948339	0.196280	-0.518994	1.000000	0.196271	-0.250270	0.117308	-0.056018	0.244022	-0.359453	0.122191	0.236078	-0.327233	0.172199	
0.010085	-0.081788	0.624374	-0.087188	0.407904	-0.509767	0.196271	1.000000	-0.954416	0.866253	-0.046644	0.310603	-0.444896	0.129271	0.315458	-0.425273	0.209254	
0.072646	0.003103	-0.801193	0.101492	-0.555767	0.677139	-0.250270	-0.954416	1.000000	-0.854841	0.072948	-0.404196	0.580813	-0.179324	-0.389268	0.533305	-0.274659	
-0.199180	0.161039	0.489493	-0.027687	0.363023	-0.421758	0.117308	0.866253	-0.854841	1.000000	-0.054541	0.264119	-0.372628	0.121155	0.212863	-0.304580	0.176602	
-0.004894	-0.141010	-0.103680	0.037786	-0.105597	0.117712	-0.056018	-0.046644	0.072948	-0.054541	1.000000	0.326927	0.057171	-0.952978	0.069695	-0.120949	0.075561	
-0.132374	0.176309	0.507751	-0.153554	0.363662	-0.458536	0.244022	0.310603	-0.404196	0.264119	0.326927	1.000000	-0.895258	-0.053348	0.216869	-0.353131	0.161192	
0.175532	-0.222761	-0.733574	0.230498	-0.515251	0.656199	-0.359453	-0.444896	0.580813	-0.372628	0.057171	-0.895258	1.000000	-0.326580	-0.290742	0.442924	-0.208590	
-0.041530	0.157321	0.237710	-0.080246	0.191501	-0.231768	0.122191	0.129271	-0.179324	0.121155	-0.952978	-0.053348	-0.326580	1.000000	-0.021748	0.040047	-0.046957	
-0.015468	-0.084868	0.466362	-0.158726	0.275622	-0.380068	0.236078	0.315458	-0.389268	0.212863	0.069695	0.216869	-0.290742	-0.021748	1.000000	-0.957681	0.891280	
0.071129	0.046716	-0.650410	0.217945	-0.396858	0.538985	-0.327233	-0.425273	0.533305	-0.304580	-0.120949	-0.353131	0.442924	0.040047	-0.957681	1.000000	-0.890120	
-0.131513	0.053995	0.350487	-0.109557	0.229262	-0.300579	0.172199	0.209254	-0.274659	0.176602	0.075561	0.161192	-0.208590	-0.046957	0.891280	-0.890120	1.000000	

Time taken for mcmc chain: 2.241111 hours
