Number of steps: 10792917
Number of accepted steps: 2000004
Burn-in number of steps: 60000
Accepted fraction of steps: 0.185307
Convergence Status
R[0]= 1.000230	R[1]= 1.000410	R[2]= 1.010697	R[3]= 1.001174	R[4]= 1.001972	R[5]= 1.005182	R[6]= 1.002052	R[7]= 1.002564	R[8]= 1.005437	R[9]= 1.002016	R[10]= 1.000898	R[11]= 1.001512	R[12]= 1.003833	R[13]= 1.001346	R[14]= 1.000264	R[15]= 1.000937	R[16]= 1.000185	
<R>= 1.002395

Mean parameters
A[0]= 1.078458 pm 0.032439
A[1]= 0.987391 pm 0.021857
A[2]= 0.226117 pm 0.165355
A[3]= 3.734203 pm 0.481845
A[4]= 5710.620570 pm 3132.484079
A[5]= -2327.681982 pm 1074.812463
A[6]= 393.712453 pm 150.419679
A[7]= 9889.580267 pm 5603.430995
A[8]= -3379.137179 pm 1925.523684
A[9]= -41.528243 pm 89.490992
A[10]= 2.810323 pm 0.760842
A[11]= -3736.938588 pm 3984.134373
A[12]= -479.114768 pm 1134.224492
A[13]= 531.248398 pm 226.626852
A[14]= 10231.540901 pm 6388.228915
A[15]= -4084.394175 pm 1928.452476
A[16]= 57.024191 pm 115.989501

Best-fitting parameters
A[0]= 1.086937
A[1]= 0.986608
A[2]= 0.269283
A[3]= 3.775925
A[4]= 6794.721000
A[5]= -2668.811000
A[6]= 395.493400
A[7]= 12473.260000
A[8]= -4165.000000
A[9]= -25.486080
A[10]= 2.684785
A[11]= -3235.989000
A[12]= -745.810400
A[13]= 569.834400
A[14]= 8445.595000
A[15]= -3619.527000
A[16]= 12.752600
chi2_min= 49.608760


Cross-Covariance parameters
1.000000	-0.487279	-0.051050	0.016681	0.011483	0.019499	-0.025157	0.270700	-0.180805	-0.089882	0.020709	0.017736	0.006220	-0.020155	0.134204	-0.100064	-0.085261	
-0.487279	1.000000	0.043999	-0.084372	0.258846	-0.240751	0.081587	-0.186901	0.113163	0.164151	-0.077300	0.155303	-0.183282	0.074572	-0.103880	0.074084	0.103598	
-0.051050	0.043999	1.000000	-0.242019	0.559792	-0.778043	0.385154	0.494356	-0.721942	0.450218	-0.220499	0.255179	-0.523393	0.281064	0.203274	-0.411449	0.157703	
0.016681	-0.084372	-0.242019	1.000000	0.102411	0.285038	-0.953747	0.079212	-0.019251	-0.074929	0.072753	-0.069429	0.140912	-0.086200	-0.037143	0.086125	-0.037785	
0.011483	0.258846	0.559792	0.102411	1.000000	-0.895775	0.166021	0.302938	-0.443656	0.274920	-0.135538	0.197619	-0.348659	0.168098	0.107759	-0.228167	0.106011	
0.019499	-0.240751	-0.778043	0.285038	-0.895775	1.000000	-0.527033	-0.342858	0.533175	-0.356017	0.186539	-0.242800	0.454347	-0.232383	-0.148973	0.313744	-0.137132	
-0.025157	0.081587	0.385154	-0.953747	0.166021	-0.527033	1.000000	-0.001808	-0.093024	0.127286	-0.101454	0.103356	-0.212712	0.123534	0.066931	-0.146111	0.059986	
0.270700	-0.186901	0.494356	0.079212	0.302938	-0.342858	-0.001808	1.000000	-0.947092	0.817964	-0.093549	0.127267	-0.252687	0.124850	0.160760	-0.255420	0.057373	
-0.180805	0.113163	-0.721942	-0.019251	-0.443656	0.533175	-0.093024	-0.947092	1.000000	-0.836935	0.147234	-0.187366	0.375288	-0.191966	-0.190582	0.335141	-0.099353	
-0.089882	0.164151	0.450218	-0.074929	0.274920	-0.356017	0.127286	0.817964	-0.836935	1.000000	-0.103822	0.138628	-0.258848	0.129753	0.084329	-0.180128	0.089363	
0.020709	-0.077300	-0.220499	0.072753	-0.135538	0.186539	-0.101454	-0.093549	0.147234	-0.103822	1.000000	0.302546	0.208881	-0.963880	0.106962	-0.120223	-0.059122	
0.017736	0.155303	0.255179	-0.069429	0.197619	-0.242800	0.103356	0.127267	-0.187366	0.138628	0.302546	1.000000	-0.842884	-0.067312	0.053835	-0.140131	-0.021951	
0.006220	-0.183282	-0.523393	0.140912	-0.348659	0.454347	-0.212712	-0.252687	0.375288	-0.258848	0.208881	-0.842884	1.000000	-0.438208	-0.039606	0.156107	-0.032522	
-0.020155	0.074572	0.281064	-0.086200	0.168098	-0.232383	0.123534	0.124850	-0.191966	0.129753	-0.963880	-0.067312	-0.438208	1.000000	-0.104381	0.100317	0.043717	
0.134204	-0.103880	0.203274	-0.037143	0.107759	-0.148973	0.066931	0.160760	-0.190582	0.084329	0.106962	0.053835	-0.039606	-0.104381	1.000000	-0.949232	0.819507	
-0.100064	0.074084	-0.411449	0.086125	-0.228167	0.313744	-0.146111	-0.255420	0.335141	-0.180128	-0.120223	-0.140131	0.156107	0.100317	-0.949232	1.000000	-0.860111	
-0.085261	0.103598	0.157703	-0.037785	0.106011	-0.137132	0.059986	0.057373	-0.099353	0.089363	-0.059122	-0.021951	-0.032522	0.043717	0.819507	-0.860111	1.000000	

Time taken for mcmc chain: 2.397500 hours
