Number of steps: 2976847
Number of accepted steps: 827000
Burn-in number of steps: 60000
Accepted fraction of steps: 0.277811
Convergence Status
R[0]= 1.004920	R[1]= 1.001788	R[2]= 1.003969	R[3]= 1.000146	R[4]= 1.001685	R[5]= 1.002583	R[6]= 1.000325	R[7]= 1.003796	R[8]= 1.004126	R[9]= 1.001131	R[10]= 1.001254	R[11]= 1.000846	R[12]= 1.001887	R[13]= 1.001133	R[14]= 1.001560	R[15]= 1.002639	R[16]= 1.000326	
<R>= 1.002007

Mean parameters
A[0]= 1.001501 pm 0.061858
A[1]= 0.987408 pm 0.022911
A[2]= 0.241058 pm 0.144740
A[3]= 6.496443 pm 1.046350
A[4]= 7393.050897 pm 5373.889424
A[5]= -1917.474917 pm 1751.180128
A[6]= -207.486627 pm 302.801739
A[7]= 5556.844765 pm 8831.590110
A[8]= -2670.635202 pm 3067.713678
A[9]= -105.264197 pm 147.940705
A[10]= 6.822914 pm 1.738832
A[11]= 6589.239648 pm 6313.352007
A[12]= -1387.095676 pm 2186.868473
A[13]= -348.699090 pm 513.718230
A[14]= 10230.449814 pm 7683.627696
A[15]= -4382.924141 pm 2620.235001
A[16]= 7.691897 pm 166.338886

Best-fitting parameters
A[0]= 1.013598
A[1]= 0.988716
A[2]= 0.267885
A[3]= 6.531719
A[4]= 10081.930000
A[5]= -2673.002000
A[6]= -191.763600
A[7]= 7587.923000
A[8]= -3518.621000
A[9]= -65.771810
A[10]= 6.936600
A[11]= 8548.552000
A[12]= -1947.393000
A[13]= -370.566600
A[14]= 19093.730000
A[15]= -6967.140000
A[16]= 119.735600
chi2_min= 55.307900


Cross-Covariance parameters
1.000000	-0.416611	0.083080	-0.137976	0.112510	-0.164443	0.090867	0.262704	-0.234340	-0.341513	-0.111186	0.065050	-0.120121	0.081570	0.148956	-0.152210	-0.404488	
-0.416611	1.000000	0.029812	-0.024579	0.164433	-0.155781	0.017236	-0.149105	0.100490	0.276988	-0.093845	0.130895	-0.159995	0.084983	-0.103545	0.077237	0.312908	
0.083080	0.029812	1.000000	-0.008223	0.643402	-0.777697	0.126308	0.562398	-0.741661	0.317564	-0.212540	0.442242	-0.648412	0.267530	0.331238	-0.590078	0.073691	
-0.137976	-0.024579	-0.008223	1.000000	0.265216	0.179611	-0.968590	0.112188	-0.153090	0.104463	0.042983	-0.011282	0.031996	-0.036042	-0.002329	-0.000252	0.051382	
0.112510	0.164433	0.643402	0.265216	1.000000	-0.880582	-0.065656	0.383380	-0.518985	0.187164	-0.159971	0.323867	-0.460074	0.188042	0.217235	-0.384111	0.049707	
-0.164443	-0.155781	-0.777697	0.179611	-0.880582	1.000000	-0.368450	-0.409749	0.550708	-0.192649	0.202364	-0.378281	0.550130	-0.236086	-0.258916	0.459141	-0.040743	
0.090867	0.017236	0.126308	-0.968590	-0.065656	-0.368450	1.000000	-0.059663	0.075117	-0.059328	-0.060306	0.056005	-0.098981	0.062884	0.037166	-0.065856	-0.023521	
0.262704	-0.149105	0.562398	0.112188	0.383380	-0.409749	-0.059663	1.000000	-0.956646	0.675383	-0.111912	0.259233	-0.368295	0.138485	0.241679	-0.379378	-0.057152	
-0.234340	0.100490	-0.741661	-0.153090	-0.518985	0.550708	0.075117	-0.956646	1.000000	-0.675434	0.155615	-0.333476	0.483714	-0.192071	-0.285760	0.472770	0.022180	
-0.341513	0.276988	0.317564	0.104463	0.187164	-0.192649	-0.059328	0.675383	-0.675434	1.000000	-0.049138	0.145440	-0.202971	0.075555	0.063948	-0.153435	0.202287	
-0.111186	-0.093845	-0.212540	0.042983	-0.159971	0.202364	-0.060306	-0.111912	0.155615	-0.049138	1.000000	0.144659	0.450009	-0.981097	-0.012159	-0.046140	-0.076264	
0.065050	0.130895	0.442242	-0.011282	0.323867	-0.378281	0.056005	0.259233	-0.333476	0.145440	0.144659	1.000000	-0.796009	0.016934	0.176482	-0.333662	0.030226	
-0.120121	-0.159995	-0.648412	0.031996	-0.460074	0.550130	-0.098981	-0.368295	0.483714	-0.202971	0.450009	-0.796009	1.000000	-0.585192	-0.209675	0.355226	-0.076120	
0.081570	0.084983	0.267530	-0.036042	0.188042	-0.236086	0.062884	0.138485	-0.192071	0.075555	-0.981097	0.016934	-0.585192	1.000000	0.027453	0.011856	0.085280	
0.148956	-0.103545	0.331238	-0.002329	0.217235	-0.258916	0.037166	0.241679	-0.285760	0.063948	-0.012159	0.176482	-0.209675	0.027453	1.000000	-0.913891	0.601446	
-0.152210	0.077237	-0.590078	-0.000252	-0.384111	0.459141	-0.065856	-0.379378	0.472770	-0.153435	-0.046140	-0.333662	0.355226	0.011856	-0.913891	1.000000	-0.596672	
-0.404488	0.312908	0.073691	0.051382	0.049707	-0.040743	-0.023521	-0.057152	0.022180	0.202287	-0.076264	0.030226	-0.076120	0.085280	0.601446	-0.596672	1.000000	

Time taken for mcmc chain: 27.833333 minutes
