Number of steps: 1608611
Number of accepted steps: 414803
Burn-in number of steps: 60000
Accepted fraction of steps: 0.257864
Convergence Status
R[0]= 1.001632	R[1]= 1.000736	R[2]= 1.000285	R[3]= 1.003755	R[4]= 1.002559	R[5]= 1.000778	R[6]= 1.003133	R[7]= 1.001158	R[8]= 1.000634	R[9]= 1.001379	R[10]= 1.001227	R[11]= 1.001269	R[12]= 1.000881	R[13]= 1.001191	R[14]= 1.000890	R[15]= 1.001261	R[16]= 1.001942	
<R>= 1.001454

Mean parameters
A[0]= 1.004511 pm 0.045730
A[1]= 1.007335 pm 0.031855
A[2]= 0.293837 pm 0.155080
A[3]= 6.422302 pm 1.008180
A[4]= 11626.921804 pm 4894.829534
A[5]= -3158.015776 pm 1654.642448
A[6]= -184.369540 pm 297.544151
A[7]= 3250.517669 pm 9280.881233
A[8]= -2875.939953 pm 3272.097408
A[9]= -67.182313 pm 154.631740
A[10]= 4.588127 pm 1.615219
A[11]= 8080.144441 pm 5944.409512
A[12]= -3482.213965 pm 1823.051356
A[13]= 369.471045 pm 473.635203
A[14]= 6672.272617 pm 8838.226746
A[15]= -2766.003948 pm 2814.758564
A[16]= -122.736409 pm 170.695622

Best-fitting parameters
A[0]= 1.010125
A[1]= 1.001842
A[2]= 0.501625
A[3]= 7.125734
A[4]= 19371.290000
A[5]= -5454.038000
A[6]= -313.701900
A[7]= 16658.840000
A[8]= -8451.940000
A[9]= 116.671400
A[10]= 4.100218
A[11]= 10711.740000
A[12]= -4911.228000
A[13]= 537.478300
A[14]= 12133.960000
A[15]= -4913.378000
A[16]= -72.439330
chi2_min= 73.714290


Cross-Covariance parameters
1.000000	-0.412089	-0.086757	-0.094417	-0.096575	0.066019	0.052769	0.110538	-0.066494	-0.300095	-0.056839	-0.082772	0.053818	0.037451	0.052456	-0.033842	-0.201875	
-0.412089	1.000000	0.029813	-0.067860	0.263439	-0.251515	0.032178	-0.188277	0.126189	0.251396	-0.184611	0.132155	-0.224824	0.168695	-0.118414	0.114182	0.186969	
-0.086757	0.029813	1.000000	-0.071954	0.587267	-0.780549	0.183040	0.592925	-0.761179	0.447588	-0.121954	0.323107	-0.532059	0.171744	0.283864	-0.473500	0.153964	
-0.094417	-0.067860	-0.071954	1.000000	0.270724	0.198119	-0.971165	0.101479	-0.131317	0.059399	0.042953	-0.022112	0.057696	-0.043218	0.002648	0.009916	0.011422	
-0.096575	0.263439	0.587267	0.270724	1.000000	-0.861060	-0.084104	0.330877	-0.466129	0.312433	-0.125152	0.226632	-0.376069	0.148296	0.155854	-0.268862	0.148925	
0.066019	-0.251515	-0.780549	0.198119	-0.861060	1.000000	-0.374289	-0.394697	0.540087	-0.356360	0.151947	-0.281869	0.474744	-0.184556	-0.203122	0.352497	-0.160603	
0.052769	0.032178	0.183040	-0.971165	-0.084104	-0.374289	1.000000	-0.034693	0.044988	-0.015989	-0.041602	0.054572	-0.105574	0.049473	0.035490	-0.070056	0.010283	
0.110538	-0.188277	0.592925	0.101479	0.330877	-0.394697	-0.034693	1.000000	-0.959245	0.771251	-0.052997	0.163091	-0.280306	0.083120	0.207090	-0.319877	0.056749	
-0.066494	0.126189	-0.761179	-0.131317	-0.466129	0.540087	0.044988	-0.959245	1.000000	-0.779115	0.081989	-0.223592	0.379798	-0.119374	-0.244135	0.389295	-0.090991	
-0.300095	0.251396	0.447588	0.059399	0.312433	-0.356360	-0.015989	0.771251	-0.779115	1.000000	-0.078063	0.164045	-0.268063	0.098635	0.094016	-0.179764	0.144155	
-0.056839	-0.184611	-0.121954	0.042953	-0.125152	0.151947	-0.041602	-0.052997	0.081989	-0.078063	1.000000	0.286820	0.329444	-0.979915	0.092931	-0.190415	-0.044998	
-0.082772	0.132155	0.323107	-0.022112	0.226632	-0.281869	0.054572	0.163091	-0.223592	0.164045	0.286820	1.000000	-0.785905	-0.118051	0.140604	-0.257215	0.097705	
0.053818	-0.224824	-0.532059	0.057696	-0.376069	0.474744	-0.105574	-0.280306	0.379798	-0.268063	0.329444	-0.785905	1.000000	-0.486497	-0.131361	0.216780	-0.141311	
0.037451	0.168695	0.171744	-0.043218	0.148296	-0.184556	0.049473	0.083120	-0.119374	0.098635	-0.979915	-0.118051	-0.486497	1.000000	-0.073817	0.158323	0.051387	
0.052456	-0.118414	0.283864	0.002648	0.155854	-0.203122	0.035490	0.207090	-0.244135	0.094016	0.092931	0.140604	-0.131361	-0.073817	1.000000	-0.941686	0.770355	
-0.033842	0.114182	-0.473500	0.009916	-0.268862	0.352497	-0.070056	-0.319877	0.389295	-0.179764	-0.190415	-0.257215	0.216780	0.158323	-0.941686	1.000000	-0.788847	
-0.201875	0.186969	0.153964	0.011422	0.148925	-0.160603	0.010283	0.056749	-0.090991	0.144155	-0.044998	0.097705	-0.141311	0.051387	0.770355	-0.788847	1.000000	

Time taken for mcmc chain: 10.000000 minutes
