Number of steps: 2156182
Number of accepted steps: 558000
Burn-in number of steps: 60000
Accepted fraction of steps: 0.258791
Convergence Status
R[0]= 1.000717	R[1]= 1.002881	R[2]= 1.001272	R[3]= 1.000988	R[4]= 1.000606	R[5]= 1.000531	R[6]= 1.001005	R[7]= 1.001906	R[8]= 1.002260	R[9]= 1.001633	R[10]= 1.001996	R[11]= 1.000271	R[12]= 1.001416	R[13]= 1.002138	R[14]= 1.000769	R[15]= 1.001093	R[16]= 1.000234	
<R>= 1.001277

Mean parameters
A[0]= 0.967278 pm 0.061730
A[1]= 1.088850 pm 0.027992
A[2]= 0.179832 pm 0.119483
A[3]= 5.041898 pm 1.016868
A[4]= 13046.479406 pm 4038.580432
A[5]= -4245.123703 pm 1254.310074
A[6]= 244.256955 pm 301.255704
A[7]= -4942.085247 pm 8382.974142
A[8]= 208.810737 pm 2601.875185
A[9]= -54.815617 pm 146.578427
A[10]= 7.113507 pm 1.466588
A[11]= 12637.516066 pm 5069.261434
A[12]= -2398.726143 pm 1726.711223
A[13]= -468.934348 pm 456.597854
A[14]= 1438.449049 pm 10093.696365
A[15]= -1873.623084 pm 3156.503523
A[16]= 81.561419 pm 190.293189

Best-fitting parameters
A[0]= 0.976469
A[1]= 1.090728
A[2]= 0.289107
A[3]= 4.918609
A[4]= 16150.880000
A[5]= -5441.110000
A[6]= 315.788500
A[7]= -4863.779000
A[8]= -358.674500
A[9]= -78.428830
A[10]= 7.229090
A[11]= 18760.000000
A[12]= -4363.557000
A[13]= -443.092900
A[14]= 7777.033000
A[15]= -4488.833000
A[16]= 155.412200
chi2_min= 63.712850


Cross-Covariance parameters
1.000000	-0.370028	-0.063323	-0.244849	-0.008554	-0.106089	0.188323	0.196866	-0.153986	-0.329166	0.001904	0.076128	-0.038747	-0.054657	0.165503	-0.148554	-0.366202	
-0.370028	1.000000	-0.054139	-0.191469	0.047824	-0.145138	0.177503	-0.251060	0.237787	0.124653	-0.028926	0.147198	-0.125282	0.011986	-0.201704	0.194570	0.209891	
-0.063323	-0.054139	1.000000	-0.044980	0.405930	-0.614733	0.113254	0.458027	-0.603910	0.267143	-0.178701	0.310668	-0.589566	0.218719	0.394764	-0.569038	0.162365	
-0.244849	-0.191469	-0.044980	1.000000	0.331768	0.281589	-0.976948	-0.003403	-0.048147	0.208838	0.016203	-0.105350	0.101571	0.006336	-0.025444	0.037033	0.051446	
-0.008554	0.047824	0.405930	0.331768	1.000000	-0.780665	-0.165195	0.147871	-0.237046	0.124292	-0.079808	0.151172	-0.263119	0.091611	0.157276	-0.227170	0.063919	
-0.106089	-0.145138	-0.614733	0.281589	-0.780665	1.000000	-0.439255	-0.240375	0.324561	-0.058867	0.120044	-0.265277	0.425769	-0.127341	-0.240697	0.349135	-0.066518	
0.188323	0.177503	0.113254	-0.976948	-0.165195	-0.439255	1.000000	0.018069	0.021105	-0.185064	-0.027354	0.114397	-0.131502	0.011147	0.044769	-0.067845	-0.026790	
0.196866	-0.251060	0.458027	-0.003403	0.147871	-0.240375	0.018069	1.000000	-0.969321	0.712359	-0.071729	0.140963	-0.261804	0.086064	0.243622	-0.319859	-0.016557	
-0.153986	0.237787	-0.603910	-0.048147	-0.237046	0.324561	0.021105	-0.969321	1.000000	-0.748804	0.100125	-0.180201	0.344519	-0.120938	-0.293991	0.395952	-0.019757	
-0.329166	0.124653	0.267143	0.208838	0.124292	-0.058867	-0.185064	0.712359	-0.748804	1.000000	-0.047220	0.051372	-0.134339	0.072700	0.044780	-0.093797	0.162029	
0.001904	-0.028926	-0.178701	0.016203	-0.079808	0.120044	-0.027354	-0.071729	0.100125	-0.047220	1.000000	0.238141	0.438118	-0.981436	-0.114033	0.069675	0.067410	
0.076128	0.147198	0.310668	-0.105350	0.151172	-0.265277	0.114397	0.140963	-0.180201	0.051372	0.238141	1.000000	-0.730672	-0.099170	0.114851	-0.194801	0.075852	
-0.038747	-0.125282	-0.589566	0.101571	-0.263119	0.425769	-0.131502	-0.261804	0.344519	-0.134339	0.438118	-0.730672	1.000000	-0.558266	-0.252989	0.333692	-0.059254	
-0.054657	0.011986	0.218719	0.006336	0.091611	-0.127341	0.011147	0.086064	-0.120938	0.072700	-0.981436	-0.099170	-0.558266	1.000000	0.120113	-0.084039	-0.048888	
0.165503	-0.201704	0.394764	-0.025444	0.157276	-0.240697	0.044769	0.243622	-0.293991	0.044780	-0.114033	0.114851	-0.252989	0.120113	1.000000	-0.957226	0.662414	
-0.148554	0.194570	-0.569038	0.037033	-0.227170	0.349135	-0.067845	-0.319859	0.395952	-0.093797	0.069675	-0.194801	0.333692	-0.084039	-0.957226	1.000000	-0.692241	
-0.366202	0.209891	0.162365	0.051446	0.063919	-0.066518	-0.026790	-0.016557	-0.019757	0.162029	0.067410	0.075852	-0.059254	-0.048888	0.662414	-0.692241	1.000000	

Time taken for mcmc chain: 17.083333 minutes
