Number of steps: 2063362
Number of accepted steps: 541908
Burn-in number of steps: 60000
Accepted fraction of steps: 0.262634
Convergence Status
R[0]= 1.004418	R[1]= 1.002691	R[2]= 1.004768	R[3]= 1.000436	R[4]= 1.000310	R[5]= 1.000732	R[6]= 1.000342	R[7]= 1.003351	R[8]= 1.003734	R[9]= 1.001493	R[10]= 1.000579	R[11]= 1.001799	R[12]= 1.002155	R[13]= 1.000885	R[14]= 1.000420	R[15]= 1.001103	R[16]= 1.002203	
<R>= 1.001848

Mean parameters
A[0]= 0.934522 pm 0.068058
A[1]= 1.015593 pm 0.028966
A[2]= 0.261453 pm 0.144113
A[3]= 6.744705 pm 1.115358
A[4]= 4332.941547 pm 5946.843737
A[5]= -692.481510 pm 1939.772076
A[6]= -374.978520 pm 317.809267
A[7]= 7579.567249 pm 8569.626421
A[8]= -2903.818442 pm 2921.106826
A[9]= -58.574386 pm 153.241091
A[10]= 5.919476 pm 1.689584
A[11]= 4581.331783 pm 6789.747696
A[12]= -2031.019749 pm 2089.571131
A[13]= -34.057423 pm 487.266681
A[14]= -3327.947351 pm 9943.570948
A[15]= -747.655821 pm 3201.285130
A[16]= -78.188722 pm 192.072422

Best-fitting parameters
A[0]= 0.919983
A[1]= 1.031093
A[2]= 0.380437
A[3]= 7.252059
A[4]= 10258.340000
A[5]= -2453.287000
A[6]= -459.646100
A[7]= 17378.500000
A[8]= -6424.475000
A[9]= 101.975100
A[10]= 5.331732
A[11]= 9257.697000
A[12]= -3901.927000
A[13]= 177.578300
A[14]= -2723.407000
A[15]= -1101.520000
A[16]= -102.495900
chi2_min= 45.519600


Cross-Covariance parameters
1.000000	-0.478383	-0.045180	-0.190522	-0.034668	-0.029284	0.107353	0.208763	-0.164933	-0.496864	-0.141137	-0.013947	-0.056019	0.100041	0.112796	-0.099321	-0.381109	
-0.478383	1.000000	0.116415	-0.048624	0.250618	-0.257285	0.068293	-0.155576	0.086035	0.384662	0.006326	0.183880	-0.181283	-0.002838	-0.113203	0.070432	0.254396	
-0.045180	0.116415	1.000000	-0.105434	0.667112	-0.814081	0.239801	0.566113	-0.733909	0.294547	0.011072	0.508631	-0.624638	0.056973	0.401073	-0.578880	0.182646	
-0.190522	-0.048624	-0.105434	1.000000	0.244372	0.193456	-0.966808	0.013555	-0.057467	0.179236	0.078220	-0.068628	0.122813	-0.075660	-0.059099	0.073525	0.047529	
-0.034668	0.250618	0.667112	0.244372	1.000000	-0.888929	-0.038617	0.375669	-0.523665	0.246768	0.026033	0.380714	-0.443308	0.013673	0.241003	-0.365461	0.127699	
-0.029284	-0.257285	-0.814081	0.193456	-0.888929	1.000000	-0.387565	-0.431784	0.577064	-0.204595	0.005602	-0.455346	0.553480	-0.052818	-0.310663	0.458695	-0.130298	
0.107353	0.068293	0.239801	-0.966808	-0.038617	-0.387565	1.000000	0.043755	-0.027943	-0.112328	-0.057433	0.132255	-0.192255	0.068189	0.106370	-0.144520	0.003500	
0.208763	-0.155576	0.566113	0.013555	0.375669	-0.431784	0.043755	1.000000	-0.958116	0.568220	-0.025736	0.277919	-0.360874	0.057665	0.272031	-0.363708	-0.008281	
-0.164933	0.086035	-0.733909	-0.057467	-0.523665	0.577064	-0.027943	-0.958116	1.000000	-0.587936	0.014024	-0.367210	0.464609	-0.058015	-0.329112	0.454868	-0.043155	
-0.496864	0.384662	0.294547	0.179236	0.246768	-0.204595	-0.112328	0.568220	-0.587936	1.000000	0.065818	0.166671	-0.165081	-0.030654	0.034993	-0.093929	0.241318	
-0.141137	0.006326	0.011072	0.078220	0.026033	0.005602	-0.057433	-0.025736	0.014024	0.065818	1.000000	0.294170	0.264483	-0.977987	0.056525	-0.159337	0.159185	
-0.013947	0.183880	0.508631	-0.068628	0.380714	-0.455346	0.132255	0.277919	-0.367210	0.166671	0.294170	1.000000	-0.824689	-0.123071	0.226768	-0.357335	0.148611	
-0.056019	-0.181283	-0.624638	0.122813	-0.443308	0.553480	-0.192255	-0.360874	0.464609	-0.165081	0.264483	-0.824689	1.000000	-0.424703	-0.248374	0.343667	-0.079626	
0.100041	-0.002838	0.056973	-0.075660	0.013673	-0.052818	0.068189	0.057665	-0.058015	-0.030654	-0.977987	-0.123071	-0.424703	1.000000	-0.033164	0.121836	-0.133497	
0.112796	-0.113203	0.401073	-0.059099	0.241003	-0.310663	0.106370	0.272031	-0.329112	0.034993	0.056525	0.226768	-0.248374	-0.033164	1.000000	-0.950690	0.692511	
-0.099321	0.070432	-0.578880	0.073525	-0.365461	0.458695	-0.144520	-0.363708	0.454868	-0.093929	-0.159337	-0.357335	0.343667	0.121836	-0.950690	1.000000	-0.715551	
-0.381109	0.254396	0.182646	0.047529	0.127699	-0.130298	0.003500	-0.008281	-0.043155	0.241318	0.159185	0.148611	-0.079626	-0.133497	0.692511	-0.715551	1.000000	

Time taken for mcmc chain: 15.316667 minutes
