Number of steps: 9966254
Number of accepted steps: 2000004
Burn-in number of steps: 60000
Accepted fraction of steps: 0.200678
Convergence Status
R[0]= 1.002008	R[1]= 1.001835	R[2]= 1.016857	R[3]= 1.000902	R[4]= 1.007162	R[5]= 1.011615	R[6]= 1.002426	R[7]= 1.005524	R[8]= 1.009511	R[9]= 1.004549	R[10]= 1.000530	R[11]= 1.004382	R[12]= 1.008211	R[13]= 1.001105	R[14]= 1.002118	R[15]= 1.005383	R[16]= 1.001401	
<R>= 1.005031

Mean parameters
A[0]= 1.001223 pm 0.028284
A[1]= 1.008187 pm 0.021823
A[2]= 0.296321 pm 0.198416
A[3]= 3.456852 pm 0.493211
A[4]= 2364.464711 pm 3335.311445
A[5]= -1839.867105 pm 1204.314442
A[6]= 456.463629 pm 155.605337
A[7]= 1917.988740 pm 6573.012849
A[8]= -1776.292679 pm 2295.326091
A[9]= -65.563085 pm 101.262960
A[10]= 3.379189 pm 0.733731
A[11]= 5088.473817 pm 4447.452309
A[12]= -2403.675532 pm 1371.762215
A[13]= 457.144686 pm 217.364939
A[14]= 6405.283552 pm 7652.520469
A[15]= -2981.409329 pm 2487.022746
A[16]= -12.777060 pm 129.435404

Best-fitting parameters
A[0]= 0.997351
A[1]= 1.011087
A[2]= 0.311533
A[3]= 3.421064
A[4]= 3250.530000
A[5]= -2120.984000
A[6]= 480.481600
A[7]= 2026.572000
A[8]= -1666.357000
A[9]= -85.464710
A[10]= 3.147745
A[11]= 4887.965000
A[12]= -2489.896000
A[13]= 523.288200
A[14]= 6551.779000
A[15]= -3057.655000
A[16]= -0.512785
chi2_min= 52.372940


Cross-Covariance parameters
1.000000	-0.439060	-0.121981	0.001049	-0.077950	0.100780	-0.037272	0.123802	-0.047887	-0.123205	0.001462	-0.062038	0.088785	-0.025960	0.080192	-0.028146	-0.100366	
-0.439060	1.000000	0.077967	-0.029358	0.288158	-0.245759	0.046054	-0.140253	0.067526	0.115975	-0.101151	0.204905	-0.227843	0.109163	-0.111399	0.065753	0.079861	
-0.121981	0.077967	1.000000	-0.323409	0.624431	-0.831820	0.473377	0.623970	-0.785070	0.538993	-0.072533	0.494640	-0.702294	0.194739	0.395256	-0.616268	0.279290	
0.001049	-0.029358	-0.323409	1.000000	0.042299	0.316716	-0.953104	-0.058475	0.092732	-0.064153	0.030189	-0.162838	0.231277	-0.068679	-0.131750	0.202404	-0.088520	
-0.077950	0.288158	0.624431	0.042299	1.000000	-0.908202	0.231495	0.386456	-0.510834	0.360901	-0.068314	0.359590	-0.487918	0.142489	0.225182	-0.367082	0.185401	
0.100780	-0.245759	-0.831820	0.316716	-0.908202	1.000000	-0.557980	-0.480819	0.629070	-0.438892	0.079390	-0.449366	0.621721	-0.179282	-0.311851	0.498809	-0.239890	
-0.037272	0.046054	0.473377	-0.953104	0.231495	-0.557980	1.000000	0.155246	-0.219240	0.144064	-0.038872	0.236554	-0.335425	0.095750	0.188579	-0.292894	0.131319	
0.123802	-0.140253	0.623970	-0.058475	0.386456	-0.480819	0.155246	1.000000	-0.964256	0.882158	-0.037456	0.288498	-0.417745	0.112496	0.289231	-0.417458	0.159919	
-0.047887	0.067526	-0.785070	0.092732	-0.510834	0.629070	-0.219240	-0.964256	1.000000	-0.884262	0.052149	-0.375196	0.538158	-0.147196	-0.339861	0.506865	-0.209238	
-0.123205	0.115975	0.538993	-0.064153	0.360901	-0.438892	0.144064	0.882158	-0.884262	1.000000	-0.047186	0.277001	-0.390311	0.113317	0.203280	-0.324075	0.157801	
0.001462	-0.101151	-0.072533	0.030189	-0.068314	0.079390	-0.038872	-0.037456	0.052149	-0.047186	1.000000	0.282637	0.113508	-0.955179	0.079826	-0.126673	0.038622	
-0.062038	0.204905	0.494640	-0.162838	0.359590	-0.449366	0.236554	0.288498	-0.375196	0.277001	0.282637	1.000000	-0.890647	-0.017737	0.160886	-0.307559	0.099611	
0.088785	-0.227843	-0.702294	0.231277	-0.487918	0.621721	-0.335425	-0.417745	0.538158	-0.390311	0.113508	-0.890647	1.000000	-0.370594	-0.211526	0.380460	-0.141104	
-0.025960	0.109163	0.194739	-0.068679	0.142489	-0.179282	0.095750	0.112496	-0.147196	0.113317	-0.955179	-0.017737	-0.370594	1.000000	-0.047275	0.060093	-0.027751	
0.080192	-0.111399	0.395256	-0.131750	0.225182	-0.311851	0.188579	0.289231	-0.339861	0.203280	0.079826	0.160886	-0.211526	-0.047275	1.000000	-0.947102	0.861700	
-0.028146	0.065753	-0.616268	0.202404	-0.367082	0.498809	-0.292894	-0.417458	0.506865	-0.324075	-0.126673	-0.307559	0.380460	0.060093	-0.947102	1.000000	-0.861404	
-0.100366	0.079861	0.279290	-0.088520	0.185401	-0.239890	0.131319	0.159919	-0.209238	0.157801	0.038622	0.099611	-0.141104	-0.027751	0.861700	-0.861404	1.000000	

Time taken for mcmc chain: 2.376944 hours
