Number of steps: 1859123
Number of accepted steps: 429147
Burn-in number of steps: 60000
Accepted fraction of steps: 0.230833
Convergence Status
R[0]= 1.001649	R[1]= 1.004112	R[2]= 1.001522	R[3]= 1.000622	R[4]= 1.001212	R[5]= 1.001467	R[6]= 1.000941	R[7]= 1.000632	R[8]= 1.000901	R[9]= 1.001191	R[10]= 1.004338	R[11]= 1.000608	R[12]= 1.000426	R[13]= 1.004061	R[14]= 1.000539	R[15]= 1.000288	R[16]= 1.000535	
<R>= 1.001473

Mean parameters
A[0]= 0.990239 pm 0.059086
A[1]= 0.987424 pm 0.031069
A[2]= 0.193427 pm 0.120201
A[3]= 7.623323 pm 1.072390
A[4]= 10982.394861 pm 4847.940954
A[5]= -1836.053391 pm 1679.147025
A[6]= -494.892395 pm 312.054055
A[7]= 7400.158633 pm 8437.325882
A[8]= -3870.972568 pm 2829.040015
A[9]= 24.510970 pm 147.779413
A[10]= 4.946167 pm 1.743533
A[11]= -3690.009174 pm 6223.414393
A[12]= 269.384862 pm 1986.825530
A[13]= 80.563284 pm 507.994854
A[14]= 8008.994295 pm 8323.533871
A[15]= -3141.087997 pm 2521.303814
A[16]= 14.130523 pm 169.115124

Best-fitting parameters
A[0]= 0.988728
A[1]= 0.985427
A[2]= 0.276790
A[3]= 7.538338
A[4]= 14351.210000
A[5]= -2983.001000
A[6]= -439.317400
A[7]= 15774.940000
A[8]= -6718.050000
A[9]= 136.254700
A[10]= 5.946783
A[11]= -70.121690
A[12]= -292.073500
A[13]= -167.627200
A[14]= 10612.470000
A[15]= -4472.296000
A[16]= 26.844640
chi2_min= 44.979140


Cross-Covariance parameters
1.000000	-0.421502	0.048928	-0.119305	0.061031	-0.104051	0.068680	0.315700	-0.266381	-0.427141	-0.097057	0.018674	-0.078152	0.077996	0.144944	-0.137714	-0.285482	
-0.421502	1.000000	0.029600	-0.140034	0.247416	-0.260677	0.103680	-0.236349	0.170116	0.386308	-0.087370	0.139551	-0.174591	0.073656	-0.117830	0.093535	0.247334	
0.048928	0.029600	1.000000	-0.109067	0.593354	-0.743056	0.198455	0.515536	-0.706175	0.259297	-0.123404	0.345301	-0.495984	0.171895	0.225960	-0.400226	0.054830	
-0.119305	-0.140034	-0.109067	1.000000	0.144197	0.350497	-0.973338	0.035840	-0.049098	0.019127	0.048304	-0.075026	0.105194	-0.048605	-0.031072	0.050823	-0.012051	
0.061031	0.247416	0.593354	0.144197	1.000000	-0.853263	0.015428	0.290299	-0.427128	0.184972	-0.117468	0.235864	-0.347048	0.135218	0.120017	-0.226151	0.053441	
-0.104051	-0.260677	-0.743056	0.350497	-0.853263	1.000000	-0.491488	-0.329926	0.476239	-0.198158	0.140054	-0.296176	0.430455	-0.165568	-0.158488	0.290310	-0.060313	
0.068680	0.103680	0.198455	-0.973338	0.015428	-0.491488	1.000000	-0.001340	-0.004930	0.006333	-0.046486	0.093033	-0.131152	0.053553	0.047695	-0.083138	0.021940	
0.315700	-0.236349	0.515536	0.035840	0.290299	-0.329926	-0.001340	1.000000	-0.956418	0.539322	-0.051951	0.173016	-0.244029	0.075138	0.198740	-0.278375	-0.058239	
-0.266381	0.170116	-0.706175	-0.049098	-0.427128	0.476239	-0.004930	-0.956418	1.000000	-0.566496	0.082854	-0.239832	0.343944	-0.115147	-0.222764	0.338626	0.028182	
-0.427141	0.386308	0.259297	0.019127	0.184972	-0.198158	0.006333	0.539322	-0.566496	1.000000	-0.014012	0.127122	-0.150322	0.030794	0.006017	-0.060494	0.191062	
-0.097057	-0.087370	-0.123404	0.048304	-0.117468	0.140054	-0.046486	-0.051951	0.082854	-0.014012	1.000000	0.210180	0.431681	-0.980256	0.015481	-0.091306	-0.057981	
0.018674	0.139551	0.345301	-0.075026	0.235864	-0.296176	0.093033	0.173016	-0.239832	0.127122	0.210180	1.000000	-0.774843	-0.041219	0.102244	-0.201698	0.043813	
-0.078152	-0.174591	-0.495984	0.105194	-0.347048	0.430455	-0.131152	-0.244029	0.343944	-0.150322	0.431681	-0.774843	1.000000	-0.578835	-0.110172	0.174054	-0.077017	
0.077996	0.073656	0.171895	-0.048605	0.135218	-0.165568	0.053553	0.075138	-0.115147	0.030794	-0.980256	-0.041219	-0.578835	1.000000	-0.005510	0.070426	0.059144	
0.144944	-0.117830	0.225960	-0.031072	0.120017	-0.158488	0.047695	0.198740	-0.222764	0.006017	0.015481	0.102244	-0.110172	-0.005510	1.000000	-0.946769	0.697225	
-0.137714	0.093535	-0.400226	0.050823	-0.226151	0.290310	-0.083138	-0.278375	0.338626	-0.060494	-0.091306	-0.201698	0.174054	0.070426	-0.946769	1.000000	-0.742755	
-0.285482	0.247334	0.054830	-0.012051	0.053441	-0.060313	0.021940	-0.058239	0.028182	0.191062	-0.057981	0.043813	-0.077017	0.059144	0.697225	-0.742755	1.000000	

Time taken for mcmc chain: 11.366667 minutes
