Number of steps: 2308563
Number of accepted steps: 608736
Burn-in number of steps: 60000
Accepted fraction of steps: 0.263686
Convergence Status
R[0]= 1.000154	R[1]= 1.005310	R[2]= 1.008109	R[3]= 1.000323	R[4]= 1.003637	R[5]= 1.005357	R[6]= 1.000356	R[7]= 1.000764	R[8]= 1.002866	R[9]= 1.001719	R[10]= 1.003532	R[11]= 1.000973	R[12]= 1.005279	R[13]= 1.004156	R[14]= 1.001104	R[15]= 1.002794	R[16]= 1.000831	
<R>= 1.002780

Mean parameters
A[0]= 1.106851 pm 0.059257
A[1]= 1.043225 pm 0.036805
A[2]= 0.286632 pm 0.175308
A[3]= 4.316849 pm 0.928449
A[4]= 10523.615791 pm 4726.053039
A[5]= -4169.370076 pm 1404.727569
A[6]= 397.562716 pm 279.935908
A[7]= 1369.509229 pm 8603.666455
A[8]= -2136.173857 pm 2916.777866
A[9]= -121.726912 pm 151.558274
A[10]= 6.628546 pm 1.520827
A[11]= 5235.357171 pm 6943.233662
A[12]= -1126.205653 pm 2217.236050
A[13]= -481.281494 pm 456.032862
A[14]= 2285.969524 pm 10120.134035
A[15]= -3658.901196 pm 3654.552566
A[16]= -54.765518 pm 191.874923

Best-fitting parameters
A[0]= 1.082548
A[1]= 1.050078
A[2]= 0.420638
A[3]= 4.860748
A[4]= 15349.290000
A[5]= -5459.287000
A[6]= 285.264900
A[7]= 4094.843000
A[8]= -3762.480000
A[9]= -76.555160
A[10]= 7.072447
A[11]= 9462.974000
A[12]= -2616.873000
A[13]= -548.997500
A[14]= 9250.563000
A[15]= -6968.031000
A[16]= 94.676220
chi2_min= 83.418930


Cross-Covariance parameters
1.000000	-0.391948	-0.096403	-0.087150	-0.074560	0.061476	0.050708	0.124961	-0.077186	-0.225482	-0.054241	-0.068935	0.061025	0.023334	0.143330	-0.092311	-0.271119	
-0.391948	1.000000	0.026087	-0.003503	0.262061	-0.261269	-0.012426	-0.187012	0.130314	0.165137	-0.269211	0.175800	-0.278762	0.245759	-0.213175	0.176507	0.243282	
-0.096403	0.026087	1.000000	-0.060859	0.407251	-0.674892	0.160401	0.428095	-0.643160	0.398396	-0.029078	0.468377	-0.685799	0.129418	0.381481	-0.662249	0.316688	
-0.087150	-0.003503	-0.060859	1.000000	0.430983	0.049612	-0.969521	0.148573	-0.196988	0.066626	0.043759	-0.029097	0.062369	-0.049375	-0.028633	0.043796	-0.003495	
-0.074560	0.262061	0.407251	0.430983	1.000000	-0.845522	-0.234129	0.170102	-0.311197	0.175952	-0.077805	0.246201	-0.356541	0.108783	0.114981	-0.233771	0.175971	
0.061476	-0.261269	-0.674892	0.049612	-0.845522	1.000000	-0.252631	-0.214204	0.385549	-0.249631	0.101966	-0.369184	0.546036	-0.160123	-0.219873	0.412816	-0.251980	
0.050708	-0.012426	0.160401	-0.969521	-0.234129	-0.252631	1.000000	-0.112926	0.135567	-0.037815	-0.034601	0.071632	-0.121922	0.051821	0.068200	-0.110901	0.036310	
0.124961	-0.187012	0.428095	0.148573	0.170102	-0.214204	-0.112926	1.000000	-0.948511	0.815628	0.024620	0.173768	-0.252968	0.019162	0.219140	-0.331920	0.075943	
-0.077186	0.130314	-0.643160	-0.196988	-0.311197	0.385549	0.135567	-0.948511	1.000000	-0.833819	-0.008296	-0.283168	0.412667	-0.056130	-0.287361	0.463090	-0.156022	
-0.225482	0.165137	0.398396	0.066626	0.175952	-0.249631	-0.037815	0.815628	-0.833819	1.000000	-0.030366	0.206022	-0.297721	0.070936	0.097548	-0.218270	0.185839	
-0.054241	-0.269211	-0.029078	0.043759	-0.077805	0.101966	-0.034601	0.024620	-0.008296	-0.030366	1.000000	0.318884	0.178881	-0.973496	0.142700	-0.209796	-0.074447	
-0.068935	0.175800	0.468377	-0.029097	0.246201	-0.369184	0.071632	0.173768	-0.283168	0.206022	0.318884	1.000000	-0.840903	-0.132365	0.213946	-0.386266	0.191885	
0.061025	-0.278762	-0.685799	0.062369	-0.356541	0.546036	-0.121922	-0.252968	0.412667	-0.297721	0.178881	-0.840903	1.000000	-0.361952	-0.228380	0.425197	-0.285109	
0.023334	0.245759	0.129418	-0.049375	0.108783	-0.160123	0.051821	0.019162	-0.056130	0.070936	-0.973496	-0.132365	-0.361952	1.000000	-0.099578	0.136933	0.103227	
0.143330	-0.213175	0.381481	-0.028633	0.114981	-0.219873	0.068200	0.219140	-0.287361	0.097548	0.142700	0.213946	-0.228380	-0.099578	1.000000	-0.917272	0.721695	
-0.092311	0.176507	-0.662249	0.043796	-0.233771	0.412816	-0.110901	-0.331920	0.463090	-0.218270	-0.209796	-0.386266	0.425197	0.136933	-0.917272	1.000000	-0.722415	
-0.271119	0.243282	0.316688	-0.003495	0.175971	-0.251980	0.036310	0.075943	-0.156022	0.185839	-0.074447	0.191885	-0.285109	0.103227	0.721695	-0.722415	1.000000	

Time taken for mcmc chain: 17.516667 minutes
