Number of steps: 9347425
Number of accepted steps: 2000004
Burn-in number of steps: 60000
Accepted fraction of steps: 0.213963
Convergence Status
R[0]= 1.000254	R[1]= 1.000502	R[2]= 1.000463	R[3]= 1.000237	R[4]= 1.000255	R[5]= 1.000169	R[6]= 1.000115	R[7]= 1.000429	R[8]= 1.000485	R[9]= 1.000264	R[10]= 1.000647	R[11]= 1.000037	R[12]= 1.000193	R[13]= 1.000650	R[14]= 1.000141	R[15]= 1.000179	R[16]= 1.000108	
<R>= 1.000302

Mean parameters
A[0]= 1.013015 pm 0.026981
A[1]= 1.009485 pm 0.017238
A[2]= 0.186037 pm 0.137780
A[3]= 3.979702 pm 0.481388
A[4]= 679.424080 pm 3107.549103
A[5]= -912.248091 pm 1029.725908
A[6]= 269.374786 pm 147.864747
A[7]= 3985.372017 pm 6126.501380
A[8]= -1350.878541 pm 2010.512173
A[9]= -117.896588 pm 93.717380
A[10]= 3.701252 pm 0.764399
A[11]= 4473.187612 pm 4045.769337
A[12]= -1857.163449 pm 1207.932355
A[13]= 344.660175 pm 229.893650
A[14]= 13921.248642 pm 4776.375478
A[15]= -4289.000213 pm 1503.156967
A[16]= 40.259632 pm 96.005539

Best-fitting parameters
A[0]= 1.006032
A[1]= 1.016541
A[2]= 0.123995
A[3]= 3.801440
A[4]= -797.492200
A[5]= -532.590000
A[6]= 301.723000
A[7]= 3196.063000
A[8]= -800.331900
A[9]= -119.449200
A[10]= 3.654966
A[11]= 3717.648000
A[12]= -1470.601000
A[13]= 330.110900
A[14]= 18515.580000
A[15]= -5163.373000
A[16]= 114.993200
chi2_min= 58.721290


Cross-Covariance parameters
1.000000	-0.427568	-0.033775	0.032307	0.053984	-0.015717	-0.045808	0.245597	-0.179460	-0.058646	-0.113180	-0.008377	-0.028603	0.098284	0.096076	-0.050843	-0.185966	
-0.427568	1.000000	0.037884	-0.076190	0.224892	-0.213994	0.080414	-0.192712	0.131104	0.085250	0.060154	0.212677	-0.163732	-0.052817	-0.080293	0.032485	0.172362	
-0.033775	0.037884	1.000000	-0.133087	0.577207	-0.761531	0.273006	0.551981	-0.723503	0.442751	-0.248014	0.337741	-0.602383	0.320225	0.199817	-0.479816	0.047246	
0.032307	-0.076190	-0.133087	1.000000	0.148602	0.231986	-0.954328	0.051312	-0.040929	0.008156	0.034935	-0.053730	0.088480	-0.043916	-0.018387	0.058452	-0.019846	
0.053984	0.224892	0.577207	0.148602	1.000000	-0.900788	0.119612	0.317070	-0.431207	0.258433	-0.142681	0.256370	-0.398620	0.183526	0.113376	-0.278481	0.041593	
-0.015717	-0.213994	-0.761531	0.231986	-0.900788	1.000000	-0.477896	-0.378104	0.517651	-0.316369	0.188488	-0.307548	0.500661	-0.242644	-0.146960	0.364124	-0.052492	
-0.045808	0.080414	0.273006	-0.954328	0.119612	-0.477896	1.000000	0.021018	-0.058888	0.043255	-0.067607	0.099884	-0.170974	0.086762	0.046053	-0.125442	0.027680	
0.245597	-0.192712	0.551981	0.051312	0.317070	-0.378104	0.021018	1.000000	-0.965441	0.856469	-0.165819	0.169242	-0.329563	0.203898	0.149323	-0.291307	-0.029805	
-0.179460	0.131104	-0.723503	-0.040929	-0.431207	0.517651	-0.058888	-0.965441	1.000000	-0.864300	0.201847	-0.232978	0.435040	-0.252814	-0.174210	0.367237	0.007938	
-0.058646	0.085250	0.442751	0.008156	0.258433	-0.316369	0.043255	0.856469	-0.864300	1.000000	-0.099794	0.167317	-0.277674	0.133553	0.086640	-0.212753	0.039577	
-0.113180	0.060154	-0.248014	0.034935	-0.142681	0.188488	-0.067607	-0.165819	0.201847	-0.099794	1.000000	0.244940	0.264464	-0.964257	-0.012727	0.006442	0.008519	
-0.008377	0.212677	0.337741	-0.053730	0.256370	-0.307548	0.099884	0.169242	-0.232978	0.167317	0.244940	1.000000	-0.844955	-0.010090	0.035012	-0.165360	-0.021039	
-0.028603	-0.163732	-0.602383	0.088480	-0.398620	0.500661	-0.170974	-0.329563	0.435040	-0.277674	0.264464	-0.844955	1.000000	-0.485244	-0.075440	0.245111	0.016326	
0.098284	-0.052817	0.320225	-0.043916	0.183526	-0.242644	0.086762	0.203898	-0.252814	0.133553	-0.964257	-0.010090	-0.485244	1.000000	0.015391	-0.034545	-0.022787	
0.096076	-0.080293	0.199817	-0.018387	0.113376	-0.146960	0.046053	0.149323	-0.174210	0.086640	-0.012727	0.035012	-0.075440	0.015391	1.000000	-0.913364	0.728393	
-0.050843	0.032485	-0.479816	0.058452	-0.278481	0.364124	-0.125442	-0.291307	0.367237	-0.212753	0.006442	-0.165360	0.245111	-0.034545	-0.913364	1.000000	-0.781822	
-0.185966	0.172362	0.047246	-0.019846	0.041593	-0.052492	0.027680	-0.029805	0.007938	0.039577	0.008519	-0.021039	0.016326	-0.022787	0.728393	-0.781822	1.000000	

Time taken for mcmc chain: 2.382778 hours
