Number of steps: 3145477
Number of accepted steps: 594000
Burn-in number of steps: 60000
Accepted fraction of steps: 0.188843
Convergence Status
R[0]= 1.002092	R[1]= 1.001084	R[2]= 1.001949	R[3]= 1.001626	R[4]= 1.001789	R[5]= 1.001070	R[6]= 1.001271	R[7]= 1.000560	R[8]= 1.001285	R[9]= 1.000135	R[10]= 1.002119	R[11]= 1.001756	R[12]= 1.002268	R[13]= 1.002205	R[14]= 1.000566	R[15]= 1.000638	R[16]= 1.000529	
<R>= 1.001350

Mean parameters
A[0]= 0.943177 pm 0.069432
A[1]= 0.993362 pm 0.045681
A[2]= 0.241569 pm 0.146787
A[3]= 5.353760 pm 1.112301
A[4]= 652.214604 pm 5783.343676
A[5]= -564.225795 pm 1771.631074
A[6]= 11.214398 pm 319.394115
A[7]= 9749.780792 pm 7235.205114
A[8]= -4093.164030 pm 2409.333120
A[9]= 102.362880 pm 140.442947
A[10]= 6.785353 pm 1.992957
A[11]= 4486.903912 pm 6945.678973
A[12]= -1134.234511 pm 2499.380922
A[13]= -282.252465 pm 566.478321
A[14]= -2557.045953 pm 10115.467815
A[15]= -678.935959 pm 3277.844496
A[16]= -136.832526 pm 198.839156

Best-fitting parameters
A[0]= 0.959858
A[1]= 0.988828
A[2]= 0.139297
A[3]= 5.353740
A[4]= -345.376600
A[5]= -93.182520
A[6]= 11.824900
A[7]= 11844.300000
A[8]= -4089.598000
A[9]= 125.721700
A[10]= 6.000045
A[11]= 865.344900
A[12]= -356.037800
A[13]= -110.919600
A[14]= -12656.810000
A[15]= 2763.321000
A[16]= -306.769700
chi2_min= 94.127820


Cross-Covariance parameters
1.000000	-0.335532	-0.014670	0.027178	0.027736	-0.005617	-0.079634	0.211497	-0.192376	-0.418795	-0.234079	-0.045874	-0.083679	0.194487	0.133344	-0.104754	-0.428631	
-0.335532	1.000000	0.187208	0.029004	0.411426	-0.392633	-0.037916	-0.127632	0.021001	0.422621	-0.351540	0.239979	-0.393928	0.332503	-0.133842	0.095966	0.305222	
-0.014670	0.187208	1.000000	-0.033596	0.615017	-0.750211	0.135459	0.432113	-0.646672	0.218158	-0.158606	0.535435	-0.649890	0.217702	0.415433	-0.586621	0.200024	
0.027178	0.029004	-0.033596	1.000000	0.303805	0.156925	-0.971696	0.069810	-0.136626	0.079626	0.003022	0.006824	0.001888	-0.008293	-0.016867	0.021845	-0.020333	
0.027736	0.411426	0.615017	0.303805	1.000000	-0.878757	-0.132905	0.230824	-0.419340	0.209391	-0.234551	0.384480	-0.512282	0.254049	0.205724	-0.309675	0.152109	
-0.005617	-0.392633	-0.750211	0.156925	-0.878757	1.000000	-0.322420	-0.258250	0.440642	-0.196544	0.241747	-0.436983	0.577619	-0.272368	-0.265264	0.392179	-0.182939	
-0.079634	-0.037916	0.135459	-0.971696	-0.132905	-0.322420	1.000000	-0.035374	0.077172	-0.054728	0.016141	0.042779	-0.046042	-0.000305	0.060654	-0.084704	0.056648	
0.211497	-0.127632	0.432113	0.069810	0.230824	-0.258250	-0.035374	1.000000	-0.942900	0.568879	-0.031156	0.214402	-0.247997	0.053317	0.232618	-0.302356	-0.037440	
-0.192376	0.021001	-0.646672	-0.136626	-0.419340	0.440642	0.077172	-0.942900	1.000000	-0.597785	0.094850	-0.334240	0.406558	-0.127467	-0.303395	0.411120	-0.021430	
-0.418795	0.422621	0.218158	0.079626	0.209391	-0.196544	-0.054728	0.568879	-0.597785	1.000000	-0.034581	0.176174	-0.185918	0.051311	-0.032771	-0.018905	0.246406	
-0.234079	-0.351540	-0.158606	0.003022	-0.234551	0.241747	0.016141	-0.031156	0.094850	-0.034581	1.000000	0.057953	0.505110	-0.982257	0.043127	-0.098498	0.065722	
-0.045874	0.239979	0.535435	0.006824	0.384480	-0.436983	0.042779	0.214402	-0.334240	0.176174	0.057953	1.000000	-0.815856	0.085616	0.229423	-0.352163	0.177655	
-0.083679	-0.393928	-0.649890	0.001888	-0.512282	0.577619	-0.046042	-0.247997	0.406558	-0.185918	0.505110	-0.815856	1.000000	-0.620114	-0.224008	0.316753	-0.132603	
0.194487	0.332503	0.217702	-0.008293	0.254049	-0.272368	-0.000305	0.053317	-0.127467	0.051311	-0.982257	0.085616	-0.620114	1.000000	-0.018324	0.061690	-0.046100	
0.133344	-0.133842	0.415433	-0.016867	0.205724	-0.265264	0.060654	0.232618	-0.303395	-0.032771	0.043127	0.229423	-0.224008	-0.018324	1.000000	-0.953994	0.626248	
-0.104754	0.095966	-0.586621	0.021845	-0.309675	0.392179	-0.084704	-0.302356	0.411120	-0.018905	-0.098498	-0.352163	0.316753	0.061690	-0.953994	1.000000	-0.653364	
-0.428631	0.305222	0.200024	-0.020333	0.152109	-0.182939	0.056648	-0.037440	-0.021430	0.246406	0.065722	0.177655	-0.132603	-0.046100	0.626248	-0.653364	1.000000	

Time taken for mcmc chain: 21.816667 minutes
