Number of steps: 8402978
Number of accepted steps: 2000004
Burn-in number of steps: 60000
Accepted fraction of steps: 0.238011
Convergence Status
R[0]= 1.000142	R[1]= 1.000403	R[2]= 1.009857	R[3]= 1.000613	R[4]= 1.003170	R[5]= 1.004910	R[6]= 1.000892	R[7]= 1.002895	R[8]= 1.004974	R[9]= 1.001658	R[10]= 1.000359	R[11]= 1.001850	R[12]= 1.004223	R[13]= 1.000664	R[14]= 1.002661	R[15]= 1.004646	R[16]= 1.001321	
<R>= 1.002661

Mean parameters
A[0]= 1.021177 pm 0.023756
A[1]= 0.977631 pm 0.014813
A[2]= 0.180393 pm 0.126702
A[3]= 4.494461 pm 0.494338
A[4]= 198.597894 pm 3007.847523
A[5]= -203.658430 pm 1037.603118
A[6]= 96.930573 pm 151.883587
A[7]= 5512.326385 pm 5970.056406
A[8]= -2419.088968 pm 1974.501137
A[9]= -49.436377 pm 94.189370
A[10]= 5.105061 pm 0.770752
A[11]= 3864.334937 pm 4165.946279
A[12]= -879.419562 pm 1320.615274
A[13]= -41.188278 pm 231.005877
A[14]= 1973.219074 pm 8242.095330
A[15]= -1541.382122 pm 2555.729799
A[16]= -118.307208 pm 137.535728

Best-fitting parameters
A[0]= 1.016919
A[1]= 0.984021
A[2]= 0.061719
A[3]= 4.444534
A[4]= -1609.329000
A[5]= 452.246000
A[6]= 93.260280
A[7]= 2170.690000
A[8]= -1018.429000
A[9]= -75.889420
A[10]= 5.096528
A[11]= 2186.018000
A[12]= -213.208800
A[13]= -50.239740
A[14]= -4945.159000
A[15]= 1000.105000
A[16]= -220.141700
chi2_min= 46.816890


Cross-Covariance parameters
1.000000	-0.432853	-0.102089	-0.033280	-0.003006	0.026152	0.008515	0.174030	-0.097361	-0.114149	0.069483	0.020099	0.040128	-0.080816	0.137779	-0.090460	-0.086267	
-0.432853	1.000000	0.056865	-0.091505	0.193068	-0.195183	0.083781	-0.121172	0.069542	0.143845	-0.068347	0.183555	-0.187504	0.064071	-0.112059	0.077439	0.083794	
-0.102089	0.056865	1.000000	-0.193958	0.591313	-0.768200	0.324826	0.547455	-0.725059	0.448639	-0.170959	0.454431	-0.669921	0.264020	0.390614	-0.578008	0.285489	
-0.033280	-0.091505	-0.193958	1.000000	0.052809	0.330501	-0.957265	0.019859	0.006266	-0.052562	0.036875	-0.113956	0.151733	-0.053308	-0.078038	0.114789	-0.059013	
-0.003006	0.193068	0.591313	0.052809	1.000000	-0.899313	0.205706	0.327444	-0.441809	0.258648	-0.107829	0.318120	-0.437604	0.161209	0.224627	-0.336377	0.170650	
0.026152	-0.195183	-0.768200	0.330501	-0.899313	1.000000	-0.557338	-0.380468	0.522225	-0.326796	0.139013	-0.393894	0.552927	-0.208596	-0.294446	0.439392	-0.222247	
0.008515	0.083781	0.324826	-0.957265	0.205706	-0.557338	1.000000	0.047626	-0.099986	0.096735	-0.060251	0.168492	-0.235995	0.089331	0.127016	-0.188279	0.094070	
0.174030	-0.121172	0.547455	0.019859	0.327444	-0.380468	0.047626	1.000000	-0.963699	0.859763	-0.080897	0.256665	-0.367519	0.133320	0.258068	-0.353031	0.138073	
-0.097361	0.069542	-0.725059	0.006266	-0.441809	0.522225	-0.099986	-0.963699	1.000000	-0.866751	0.115226	-0.336402	0.487391	-0.183879	-0.315740	0.446140	-0.193927	
-0.114149	0.143845	0.448639	-0.052562	0.258648	-0.326796	0.096735	0.859763	-0.866751	1.000000	-0.087664	0.225505	-0.322677	0.130152	0.154946	-0.242696	0.136221	
0.069483	-0.068347	-0.170959	0.036875	-0.107829	0.139013	-0.060251	-0.080897	0.115226	-0.087664	1.000000	0.175103	0.288692	-0.962706	0.049430	-0.047328	-0.027624	
0.020099	0.183555	0.454431	-0.113956	0.318120	-0.393894	0.168492	0.256665	-0.336402	0.225505	0.175103	1.000000	-0.864297	0.064492	0.140478	-0.241856	0.062727	
0.040128	-0.187504	-0.669921	0.151733	-0.437604	0.552927	-0.235995	-0.367519	0.487391	-0.322677	0.288692	-0.864297	1.000000	-0.507462	-0.184341	0.312276	-0.124786	
-0.080816	0.064071	0.264020	-0.053308	0.161209	-0.208596	0.089331	0.133320	-0.183879	0.130152	-0.962706	0.064492	-0.507462	1.000000	-0.028011	0.005216	0.027842	
0.137779	-0.112059	0.390614	-0.078038	0.224627	-0.294446	0.127016	0.258068	-0.315740	0.154946	0.049430	0.140478	-0.184341	-0.028011	1.000000	-0.962666	0.866208	
-0.090460	0.077439	-0.578008	0.114789	-0.336377	0.439392	-0.188279	-0.353031	0.446140	-0.242696	-0.047328	-0.241856	0.312276	0.005216	-0.962666	1.000000	-0.878958	
-0.086267	0.083794	0.285489	-0.059013	0.170650	-0.222247	0.094070	0.138073	-0.193927	0.136221	-0.027624	0.062727	-0.124786	0.027842	0.866208	-0.878958	1.000000	

Time taken for mcmc chain: 2.317222 hours
