Number of steps: 5913160
Number of accepted steps: 1280316
Burn-in number of steps: 60000
Accepted fraction of steps: 0.216520
Convergence Status
R[0]= 1.000758	R[1]= 1.001100	R[2]= 1.006657	R[3]= 1.000912	R[4]= 1.001040	R[5]= 1.001701	R[6]= 1.000916	R[7]= 1.001302	R[8]= 1.002432	R[9]= 1.001274	R[10]= 1.000084	R[11]= 1.000984	R[12]= 1.001955	R[13]= 1.000203	R[14]= 1.000837	R[15]= 1.001403	R[16]= 1.000715	
<R>= 1.001428

Mean parameters
A[0]= 1.069615 pm 0.029927
A[1]= 0.993612 pm 0.015801
A[2]= 0.096670 pm 0.082449
A[3]= 4.335756 pm 0.488733
A[4]= 1934.349158 pm 2695.980618
A[5]= -609.843889 pm 831.584753
A[6]= 149.042221 pm 149.694968
A[7]= 5146.547112 pm 5716.188181
A[8]= -1589.947920 pm 1688.803266
A[9]= -138.389132 pm 89.065958
A[10]= 5.189797 pm 0.765897
A[11]= 7526.841755 pm 4027.572475
A[12]= -1768.936317 pm 1130.486508
A[13]= -14.661094 pm 229.388075
A[14]= 1491.451867 pm 8199.375695
A[15]= -647.355698 pm 2367.334655
A[16]= -203.814068 pm 134.929797

Best-fitting parameters
A[0]= 1.075761
A[1]= 0.994442
A[2]= 0.002607
A[3]= 4.439169
A[4]= 2125.914000
A[5]= -384.717100
A[6]= 114.945200
A[7]= 5023.259000
A[8]= -1242.862000
A[9]= -125.060300
A[10]= 5.171002
A[11]= 6276.934000
A[12]= -1163.039000
A[13]= -35.520170
A[14]= -5807.214000
A[15]= 1717.248000
A[16]= -311.807700
chi2_min= 54.969950


Cross-Covariance parameters
1.000000	-0.487969	-0.036186	0.055913	0.131949	-0.072301	-0.055501	0.363405	-0.302075	-0.028731	-0.036907	0.083392	-0.085537	0.038133	0.279282	-0.237159	-0.024497	
-0.487969	1.000000	0.000753	-0.140627	0.162953	-0.197865	0.128766	-0.265996	0.221021	0.078598	0.026542	0.199117	-0.162234	-0.029144	-0.209975	0.179538	0.043216	
-0.036186	0.000753	1.000000	-0.189166	0.372345	-0.591813	0.272042	0.360379	-0.529059	0.312386	-0.057524	0.299231	-0.479986	0.120811	0.273313	-0.429211	0.207558	
0.055913	-0.140627	-0.189166	1.000000	0.154582	0.325784	-0.962718	0.115151	-0.077872	-0.033047	0.007094	-0.089474	0.117646	-0.018792	-0.012841	0.046431	-0.030533	
0.131949	0.162953	0.372345	0.154582	1.000000	-0.859946	0.082207	0.174983	-0.240926	0.110029	-0.024509	0.205251	-0.264010	0.050073	0.128280	-0.185012	0.092409	
-0.072301	-0.197865	-0.591813	0.325784	-0.859946	1.000000	-0.540372	-0.166026	0.270912	-0.163959	0.034772	-0.268557	0.365794	-0.073794	-0.166120	0.259334	-0.132726	
-0.055501	0.128766	0.272042	-0.962718	0.082207	-0.540372	1.000000	-0.087337	0.035545	0.043196	-0.012556	0.112859	-0.156795	0.030100	0.038694	-0.085104	0.049346	
0.363405	-0.265996	0.360379	0.115151	0.174983	-0.166026	-0.087337	1.000000	-0.971639	0.816304	-0.040516	0.116733	-0.190943	0.064675	0.213417	-0.255346	0.066284	
-0.302075	0.221021	-0.529059	-0.077872	-0.240926	0.270912	0.035545	-0.971639	1.000000	-0.855468	0.047490	-0.167274	0.270605	-0.082064	-0.241264	0.311669	-0.101962	
-0.028731	0.078598	0.312386	-0.033047	0.110029	-0.163959	0.043196	0.816304	-0.855468	1.000000	-0.020678	0.111960	-0.167617	0.039804	0.068623	-0.119873	0.065702	
-0.036907	0.026542	-0.057524	0.007094	-0.024509	0.034772	-0.012556	-0.040516	0.047490	-0.020678	1.000000	0.298224	0.223697	-0.965358	0.074386	-0.082983	-0.017646	
0.083392	0.199117	0.299231	-0.089474	0.205251	-0.268557	0.112859	0.116733	-0.167274	0.111960	0.298224	1.000000	-0.839699	-0.073766	0.047860	-0.102791	-0.016049	
-0.085537	-0.162234	-0.479986	0.117646	-0.264010	0.365794	-0.156795	-0.190943	0.270605	-0.167617	0.223697	-0.839699	1.000000	-0.443683	-0.051956	0.126242	-0.023596	
0.038133	-0.029144	0.120811	-0.018792	0.050073	-0.073794	0.030100	0.064675	-0.082064	0.039804	-0.965358	-0.073766	-0.443683	1.000000	-0.075781	0.073582	0.001249	
0.279282	-0.209975	0.273313	-0.012841	0.128280	-0.166120	0.038694	0.213417	-0.241264	0.068623	0.074386	0.047860	-0.051956	-0.075781	1.000000	-0.971843	0.843925	
-0.237159	0.179538	-0.429211	0.046431	-0.185012	0.259334	-0.085104	-0.255346	0.311669	-0.119873	-0.082983	-0.102791	0.126242	0.073582	-0.971843	1.000000	-0.884295	
-0.024497	0.043216	0.207558	-0.030533	0.092409	-0.132726	0.049346	0.066284	-0.101962	0.065702	-0.017646	-0.016049	-0.023596	0.001249	0.843925	-0.884295	1.000000	

Time taken for mcmc chain: 1.136111 hours
