Number of steps: 1288962
Number of accepted steps: 316372
Burn-in number of steps: 60000
Accepted fraction of steps: 0.245447
Convergence Status
R[0]= 1.000631	R[1]= 1.005579	R[2]= 1.002974	R[3]= 1.000222	R[4]= 1.000312	R[5]= 1.000653	R[6]= 1.000165	R[7]= 1.001726	R[8]= 1.001931	R[9]= 1.000494	R[10]= 1.003649	R[11]= 1.000187	R[12]= 1.000517	R[13]= 1.003233	R[14]= 1.002955	R[15]= 1.001989	R[16]= 1.001332	
<R>= 1.001679

Mean parameters
A[0]= 0.978609 pm 0.041667
A[1]= 0.994947 pm 0.033119
A[2]= 0.382747 pm 0.221591
A[3]= 4.342102 pm 0.881431
A[4]= 6698.071072 pm 5325.487322
A[5]= -2869.418815 pm 1800.375348
A[6]= 328.613989 pm 265.354938
A[7]= 8334.260036 pm 8214.017267
A[8]= -4269.698586 pm 2912.875543
A[9]= 67.667333 pm 148.769548
A[10]= 3.575068 pm 1.404631
A[11]= 7606.971420 pm 6004.171911
A[12]= -3440.147599 pm 1948.239681
A[13]= 513.536955 pm 412.790247
A[14]= -3642.881292 pm 10030.280258
A[15]= 592.349254 pm 3320.743037
A[16]= -362.505314 pm 193.733625

Best-fitting parameters
A[0]= 0.979400
A[1]= 0.987569
A[2]= 0.525525
A[3]= 4.504774
A[4]= 7326.448000
A[5]= -3225.689000
A[6]= 275.574500
A[7]= 16172.660000
A[8]= -7437.477000
A[9]= 209.884700
A[10]= 3.145392
A[11]= 7822.400000
A[12]= -3910.532000
A[13]= 624.231800
A[14]= -3993.944000
A[15]= 309.796400
A[16]= -370.888400
chi2_min= 64.820660


Cross-Covariance parameters
1.000000	-0.406020	-0.089637	-0.048162	-0.092556	0.084676	0.013336	0.043377	-0.008060	-0.228498	-0.073766	-0.073800	0.045766	0.057400	0.007222	0.014402	-0.150289	
-0.406020	1.000000	0.042251	0.064050	0.282102	-0.221535	-0.069375	-0.081822	0.020233	0.236386	-0.305338	0.082347	-0.205696	0.281822	-0.110384	0.117618	0.105632	
-0.089637	0.042251	1.000000	-0.221632	0.591744	-0.796680	0.362874	0.486833	-0.696546	0.291369	-0.091396	0.411425	-0.583005	0.161689	0.307602	-0.485335	0.148515	
-0.048162	0.064050	-0.221632	1.000000	0.196004	0.192994	-0.957471	0.009266	-0.035702	0.010894	0.019769	-0.101004	0.139121	-0.043342	-0.087498	0.124711	-0.033178	
-0.092556	0.282102	0.591744	0.196004	1.000000	-0.902331	0.060134	0.255695	-0.434578	0.178391	-0.137811	0.266447	-0.398836	0.170667	0.152472	-0.253625	0.105449	
0.084676	-0.221535	-0.796680	0.192994	-0.902331	1.000000	-0.430759	-0.329360	0.522371	-0.216166	0.141575	-0.349513	0.511673	-0.192945	-0.225793	0.363531	-0.132231	
0.013336	-0.069375	0.362874	-0.957471	0.060134	-0.430759	1.000000	0.050709	-0.064028	0.014376	-0.021457	0.161981	-0.218850	0.056218	0.133648	-0.196579	0.056191	
0.043377	-0.081822	0.486833	0.009266	0.255695	-0.329360	0.050709	1.000000	-0.944156	0.811593	-0.001196	0.191291	-0.257540	0.035111	0.171488	-0.254861	0.053539	
-0.008060	0.020233	-0.696546	-0.035702	-0.434578	0.522371	-0.064028	-0.944156	1.000000	-0.790433	0.043384	-0.277966	0.390007	-0.090047	-0.227189	0.348551	-0.091998	
-0.228498	0.236386	0.291369	0.010894	0.178391	-0.216166	0.014376	0.811593	-0.790433	1.000000	-0.055009	0.133176	-0.192745	0.071371	0.076883	-0.123442	0.083925	
-0.073766	-0.305338	-0.091396	0.019769	-0.137811	0.141575	-0.021457	-0.001196	0.043384	-0.055009	1.000000	0.149717	0.316659	-0.972130	0.172664	-0.262142	0.072783	
-0.073800	0.082347	0.411425	-0.101004	0.266447	-0.349513	0.161981	0.191291	-0.277966	0.133176	0.149717	1.000000	-0.863474	0.057287	0.154435	-0.259307	0.071674	
0.045766	-0.205696	-0.583005	0.139121	-0.398836	0.511673	-0.218850	-0.257540	0.390007	-0.192745	0.316659	-0.863474	1.000000	-0.503595	-0.127521	0.217040	-0.061481	
0.057400	0.281822	0.161689	-0.043342	0.170667	-0.192945	0.056218	0.035111	-0.090047	0.071371	-0.972130	0.057287	-0.503595	1.000000	-0.145825	0.218567	-0.068070	
0.007222	-0.110384	0.307602	-0.087498	0.152472	-0.225793	0.133648	0.171488	-0.227189	0.076883	0.172664	0.154435	-0.127521	-0.145825	1.000000	-0.949169	0.830725	
0.014402	0.117618	-0.485335	0.124711	-0.253625	0.363531	-0.196579	-0.254861	0.348551	-0.123442	-0.262142	-0.259307	0.217040	0.218567	-0.949169	1.000000	-0.833022	
-0.150289	0.105632	0.148515	-0.033178	0.105449	-0.132231	0.056191	0.053539	-0.091998	0.083925	0.072783	0.071674	-0.061481	-0.068070	0.830725	-0.833022	1.000000	

Time taken for mcmc chain: 6.333333 minutes
