Number of steps: 2539295
Number of accepted steps: 526000
Burn-in number of steps: 60000
Accepted fraction of steps: 0.207144
Convergence Status
R[0]= 1.000994	R[1]= 1.000959	R[2]= 1.005420	R[3]= 1.001204	R[4]= 1.002349	R[5]= 1.002707	R[6]= 1.000844	R[7]= 1.003043	R[8]= 1.004365	R[9]= 1.000543	R[10]= 1.000730	R[11]= 1.001449	R[12]= 1.001745	R[13]= 1.000666	R[14]= 1.003807	R[15]= 1.004768	R[16]= 1.001483	
<R>= 1.002181

Mean parameters
A[0]= 0.977056 pm 0.043561
A[1]= 0.997424 pm 0.034479
A[2]= 0.403162 pm 0.234467
A[3]= 4.143268 pm 0.904446
A[4]= 6422.844299 pm 5368.260497
A[5]= -2708.704857 pm 1823.338095
A[6]= 328.902464 pm 271.010755
A[7]= 8181.304587 pm 8313.726066
A[8]= -3820.146086 pm 2971.682664
A[9]= -37.586810 pm 150.250852
A[10]= 3.392900 pm 1.408880
A[11]= 7691.007992 pm 5974.889918
A[12]= -3393.632386 pm 1951.600452
A[13]= 519.490063 pm 416.263122
A[14]= -3544.753384 pm 10003.698131
A[15]= 961.353542 pm 3289.629408
A[16]= -460.891811 pm 194.820836

Best-fitting parameters
A[0]= 0.958363
A[1]= 1.028681
A[2]= 0.679789
A[3]= 4.033137
A[4]= 9696.182000
A[5]= -4310.849000
A[6]= 377.178600
A[7]= 19405.690000
A[8]= -8187.423000
A[9]= 157.254800
A[10]= 3.061322
A[11]= 12112.390000
A[12]= -5341.551000
A[13]= 665.645300
A[14]= 418.927700
A[15]= -916.690400
A[16]= -417.587500
chi2_min= 61.296590


Cross-Covariance parameters
1.000000	-0.419073	-0.052851	-0.048629	-0.088818	0.074825	0.014535	0.065538	-0.034568	-0.205206	-0.063602	-0.076661	0.049162	0.046646	0.016448	0.002793	-0.143291	
-0.419073	1.000000	0.057114	0.012856	0.273840	-0.235568	-0.015613	-0.074165	0.012442	0.236664	-0.305118	0.088570	-0.216826	0.287387	-0.109614	0.112838	0.099940	
-0.052851	0.057114	1.000000	-0.255370	0.586228	-0.800293	0.392972	0.504792	-0.704106	0.322848	-0.142569	0.389386	-0.578864	0.204553	0.288818	-0.464843	0.140520	
-0.048629	0.012856	-0.255370	1.000000	0.191238	0.206093	-0.959266	0.014875	-0.028704	0.000763	0.057760	-0.091291	0.152352	-0.075259	-0.078193	0.120197	-0.027182	
-0.088818	0.273840	0.586228	0.191238	1.000000	-0.899418	0.060330	0.301719	-0.470146	0.227897	-0.156804	0.252007	-0.391755	0.187431	0.140304	-0.241544	0.100066	
0.074825	-0.235568	-0.800293	0.206093	-0.899418	1.000000	-0.438605	-0.370353	0.554989	-0.267896	0.177463	-0.328659	0.506267	-0.222920	-0.208879	0.347417	-0.125027	
0.014535	-0.015613	0.392972	-0.959266	0.060330	-0.438605	1.000000	0.056262	-0.078849	0.038687	-0.062696	0.147337	-0.228051	0.090045	0.120527	-0.188570	0.050493	
0.065538	-0.074165	0.504792	0.014875	0.301719	-0.370353	0.056262	1.000000	-0.947218	0.816962	-0.048298	0.193599	-0.278263	0.079560	0.161104	-0.247158	0.050015	
-0.034568	0.012442	-0.704106	-0.028704	-0.470146	0.554989	-0.078849	-0.947218	1.000000	-0.800713	0.092107	-0.270792	0.399909	-0.134344	-0.208698	0.330539	-0.082695	
-0.205206	0.236664	0.322848	0.000763	0.227897	-0.267896	0.038687	0.816962	-0.800713	1.000000	-0.088485	0.141523	-0.216966	0.105439	0.064959	-0.119671	0.073697	
-0.063602	-0.305118	-0.142569	0.057760	-0.156804	0.177463	-0.062696	-0.048298	0.092107	-0.088485	1.000000	0.140398	0.337135	-0.972833	0.161731	-0.244958	0.068042	
-0.076661	0.088570	0.389386	-0.091291	0.252007	-0.328659	0.147337	0.193599	-0.270792	0.141523	0.140398	1.000000	-0.858326	0.064558	0.133503	-0.239436	0.055653	
0.049162	-0.216826	-0.578864	0.152352	-0.391755	0.506267	-0.228051	-0.278263	0.399909	-0.216966	0.337135	-0.858326	1.000000	-0.519880	-0.109501	0.200704	-0.046619	
0.046646	0.287387	0.204553	-0.075259	0.187431	-0.222920	0.090045	0.079560	-0.134344	0.105439	-0.972833	0.064558	-0.519880	1.000000	-0.140440	0.207500	-0.066725	
0.016448	-0.109614	0.288818	-0.078193	0.140304	-0.208879	0.120527	0.161104	-0.208698	0.064959	0.161731	0.133503	-0.109501	-0.140440	1.000000	-0.948326	0.824533	
0.002793	0.112838	-0.464843	0.120197	-0.241544	0.347417	-0.188570	-0.247158	0.330539	-0.119671	-0.244958	-0.239436	0.200704	0.207500	-0.948326	1.000000	-0.832974	
-0.143291	0.099940	0.140520	-0.027182	0.100066	-0.125027	0.050493	0.050015	-0.082695	0.073697	0.068042	0.055653	-0.046619	-0.066725	0.824533	-0.832974	1.000000	

Time taken for mcmc chain: 15.783333 minutes
